"Date","Source","Site ID","POC","Daily Max 1-hour SO2 Concentration","UNITS","DAILY_AQI_VALUE","Site Name","DAILY_OBS_COUNT","PERCENT_COMPLETE","AQS_PARAMETER_CODE","AQS_PARAMETER_DESC","CBSA_CODE","CBSA_NAME","STATE_CODE","STATE","COUNTY_CODE","COUNTY","SITE_LATITUDE","SITE_LONGITUDE"
"04/01/2016","AQS","110010041","1","0.7","ppb","0","RIVER TERRACE","24","100.0000","42401","Sulfur dioxide","47900","Washington-Arlington-Alexandria, DC-VA-MD-WV","11","District Of Columbia","001","District of Columbia","38.895572","-76.958072"
"04/02/2016","AQS","110010041","1","0.7","ppb","0","RIVER TERRACE","24","100.0000","42401","Sulfur dioxide","47900","Washington-Arlington-Alexandria, DC-VA-MD-WV","11","District Of Columbia","001","District of Columbia","38.895572","-76.958072"
"04/03/2016","AQS","110010041","1","0.7","ppb","0","RIVER TERRACE","24","100.0000","42401","Sulfur dioxide","47900","Washington-Arlington-Alexandria, DC-VA-MD-WV","11","District Of Columbia","001","District of Columbia","38.895572","-76.958072"
"04/04/2016","AQS","110010041","1","0.9","ppb","0","RIVER TERRACE","24","100.0000","42401","Sulfur dioxide","47900","Washington-Arlington-Alexandria, DC-VA-MD-WV","11","District Of Columbia","001","District of Columbia","38.895572","-76.958072"
"04/05/2016","AQS","110010041","1","0.6","ppb","0","RIVER TERRACE","24","100.0000","42401","Sulfur dioxide","47900","Washington-Arlington-Alexandria, DC-VA-MD-WV","11","District Of Columbia","001","District of Columbia","38.895572","-76.958072"
"04/06/2016","AQS","110010041","1","1.6","ppb","1","RIVER TERRACE","23","96.0000","42401","Sulfur dioxide","47900","Washington-Arlington-Alexandria, DC-VA-MD-WV","11","District Of Columbia","001","District of Columbia","38.895572","-76.958072"
"04/07/2016","AQS","110010041","1","0.7","ppb","0","RIVER TERRACE","24","100.0000","42401","Sulfur dioxide","47900","Washington-Arlington-Alexandria, DC-VA-MD-WV","11","District Of Columbia","001","District of Columbia","38.895572","-76.958072"
"04/08/2016","AQS","110010041","1","0.6","ppb","0","RIVER TERRACE","24","100.0000","42401","Sulfur dioxide","47900","Washington-Arlington-Alexandria, DC-VA-MD-WV","11","District Of Columbia","001","District of Columbia","38.895572","-76.958072"
"04/09/2016","AQS","110010041","1","1","ppb","1","RIVER TERRACE","24","100.0000","42401","Sulfur dioxide","47900","Washington-Arlington-Alexandria, DC-VA-MD-WV","11","District Of Columbia","001","District of Columbia","38.895572","-76.958072"
"04/10/2016","AQS","110010041","1","0.6","ppb","0","RIVER TERRACE","24","100.0000","42401","Sulfur dioxide","47900","Washington-Arlington-Alexandria, DC-VA-MD-WV","11","District Of Columbia","001","District of Columbia","38.895572","-76.958072"
"04/11/2016","AQS","110010041","1","0.7","ppb","0","RIVER TERRACE","24","100.0000","42401","Sulfur dioxide","47900","Washington-Arlington-Alexandria, DC-VA-MD-WV","11","District Of Columbia","001","District of Columbia","38.895572","-76.958072"
"04/12/2016","AQS","110010041","1","0.3","ppb","0","RIVER TERRACE","24","100.0000","42401","Sulfur dioxide","47900","Washington-Arlington-Alexandria, DC-VA-MD-WV","11","District Of Columbia","001","District of Columbia","38.895572","-76.958072"
"04/13/2016","AQS","110010041","1","0.9","ppb","0","RIVER TERRACE","24","100.0000","42401","Sulfur dioxide","47900","Washington-Arlington-Alexandria, DC-VA-MD-WV","11","District Of Columbia","001","District of Columbia","38.895572","-76.958072"
"04/14/2016","AQS","110010041","1","1.3","ppb","1","RIVER TERRACE","24","100.0000","42401","Sulfur dioxide","47900","Washington-Arlington-Alexandria, DC-VA-MD-WV","11","District Of Columbia","001","District of Columbia","38.895572","-76.958072"
"04/15/2016","AQS","110010041","1","0.9","ppb","0","RIVER TERRACE","24","100.0000","42401","Sulfur dioxide","47900","Washington-Arlington-Alexandria, DC-VA-MD-WV","11","District Of Columbia","001","District of Columbia","38.895572","-76.958072"
"04/16/2016","AQS","110010041","1","0.4","ppb","0","RIVER TERRACE","24","100.0000","42401","Sulfur dioxide","47900","Washington-Arlington-Alexandria, DC-VA-MD-WV","11","District Of Columbia","001","District of Columbia","38.895572","-76.958072"
"04/17/2016","AQS","110010041","1","0.4","ppb","0","RIVER TERRACE","24","100.0000","42401","Sulfur dioxide","47900","Washington-Arlington-Alexandria, DC-VA-MD-WV","11","District Of Columbia","001","District of Columbia","38.895572","-76.958072"
"04/18/2016","AQS","110010041","1","1","ppb","1","RIVER TERRACE","23","96.0000","42401","Sulfur dioxide","47900","Washington-Arlington-Alexandria, DC-VA-MD-WV","11","District Of Columbia","001","District of Columbia","38.895572","-76.958072"
"04/19/2016","AQS","110010041","1","0.7","ppb","0","RIVER TERRACE","24","100.0000","42401","Sulfur dioxide","47900","Washington-Arlington-Alexandria, DC-VA-MD-WV","11","District Of Columbia","001","District of Columbia","38.895572","-76.958072"
"04/20/2016","AQS","110010041","1","0.8","ppb","0","RIVER TERRACE","24","100.0000","42401","Sulfur dioxide","47900","Washington-Arlington-Alexandria, DC-VA-MD-WV","11","District Of Columbia","001","District of Columbia","38.895572","-76.958072"
"04/21/2016","AQS","110010041","1","0.5","ppb","0","RIVER TERRACE","24","100.0000","42401","Sulfur dioxide","47900","Washington-Arlington-Alexandria, DC-VA-MD-WV","11","District Of Columbia","001","District of Columbia","38.895572","-76.958072"
"04/22/2016","AQS","110010041","1","0.6","ppb","0","RIVER TERRACE","24","100.0000","42401","Sulfur dioxide","47900","Washington-Arlington-Alexandria, DC-VA-MD-WV","11","District Of Columbia","001","District of Columbia","38.895572","-76.958072"
"04/23/2016","AQS","110010041","1","0.6","ppb","0","RIVER TERRACE","24","100.0000","42401","Sulfur dioxide","47900","Washington-Arlington-Alexandria, DC-VA-MD-WV","11","District Of Columbia","001","District of Columbia","38.895572","-76.958072"
"04/24/2016","AQS","110010041","1","0.3","ppb","0","RIVER TERRACE","24","100.0000","42401","Sulfur dioxide","47900","Washington-Arlington-Alexandria, DC-VA-MD-WV","11","District Of Columbia","001","District of Columbia","38.895572","-76.958072"
"04/25/2016","AQS","110010041","1","0.5","ppb","0","RIVER TERRACE","24","100.0000","42401","Sulfur dioxide","47900","Washington-Arlington-Alexandria, DC-VA-MD-WV","11","District Of Columbia","001","District of Columbia","38.895572","-76.958072"
"04/28/2016","AQS","110010041","1","0.5","ppb","0","RIVER TERRACE","23","96.0000","42401","Sulfur dioxide","47900","Washington-Arlington-Alexandria, DC-VA-MD-WV","11","District Of Columbia","001","District of Columbia","38.895572","-76.958072"
"04/29/2016","AQS","110010041","1","0.4","ppb","0","RIVER TERRACE","24","100.0000","42401","Sulfur dioxide","47900","Washington-Arlington-Alexandria, DC-VA-MD-WV","11","District Of Columbia","001","District of Columbia","38.895572","-76.958072"
"04/30/2016","AQS","110010041","1","0.4","ppb","0","RIVER TERRACE","24","100.0000","42401","Sulfur dioxide","47900","Washington-Arlington-Alexandria, DC-VA-MD-WV","11","District Of Columbia","001","District of Columbia","38.895572","-76.958072"
"05/01/2016","AQS","110010041","1","1","ppb","1","RIVER TERRACE","24","100.0000","42401","Sulfur dioxide","47900","Washington-Arlington-Alexandria, DC-VA-MD-WV","11","District Of Columbia","001","District of Columbia","38.895572","-76.958072"
"05/02/2016","AQS","110010041","1","0.9","ppb","0","RIVER TERRACE","24","100.0000","42401","Sulfur dioxide","47900","Washington-Arlington-Alexandria, DC-VA-MD-WV","11","District Of Columbia","001","District of Columbia","38.895572","-76.958072"
"05/03/2016","AQS","110010041","1","0.9","ppb","0","RIVER TERRACE","24","100.0000","42401","Sulfur dioxide","47900","Washington-Arlington-Alexandria, DC-VA-MD-WV","11","District Of Columbia","001","District of Columbia","38.895572","-76.958072"
"05/04/2016","AQS","110010041","1","0.9","ppb","0","RIVER TERRACE","24","100.0000","42401","Sulfur dioxide","47900","Washington-Arlington-Alexandria, DC-VA-MD-WV","11","District Of Columbia","001","District of Columbia","38.895572","-76.958072"
"05/05/2016","AQS","110010041","1","1.1","ppb","1","RIVER TERRACE","24","100.0000","42401","Sulfur dioxide","47900","Washington-Arlington-Alexandria, DC-VA-MD-WV","11","District Of Columbia","001","District of Columbia","38.895572","-76.958072"
"05/06/2016","AQS","110010041","1","0.9","ppb","0","RIVER TERRACE","24","100.0000","42401","Sulfur dioxide","47900","Washington-Arlington-Alexandria, DC-VA-MD-WV","11","District Of Columbia","001","District of Columbia","38.895572","-76.958072"
"05/07/2016","AQS","110010041","1","0.9","ppb","0","RIVER TERRACE","24","100.0000","42401","Sulfur dioxide","47900","Washington-Arlington-Alexandria, DC-VA-MD-WV","11","District Of Columbia","001","District of Columbia","38.895572","-76.958072"
"05/08/2016","AQS","110010041","1","0.9","ppb","0","RIVER TERRACE","24","100.0000","42401","Sulfur dioxide","47900","Washington-Arlington-Alexandria, DC-VA-MD-WV","11","District Of Columbia","001","District of Columbia","38.895572","-76.958072"
"05/09/2016","AQS","110010041","1","1.2","ppb","1","RIVER TERRACE","24","100.0000","42401","Sulfur dioxide","47900","Washington-Arlington-Alexandria, DC-VA-MD-WV","11","District Of Columbia","001","District of Columbia","38.895572","-76.958072"
"05/10/2016","AQS","110010041","1","1.2","ppb","1","RIVER TERRACE","24","100.0000","42401","Sulfur dioxide","47900","Washington-Arlington-Alexandria, DC-VA-MD-WV","11","District Of Columbia","001","District of Columbia","38.895572","-76.958072"
"05/11/2016","AQS","110010041","1","0.8","ppb","0","RIVER TERRACE","24","100.0000","42401","Sulfur dioxide","47900","Washington-Arlington-Alexandria, DC-VA-MD-WV","11","District Of Columbia","001","District of Columbia","38.895572","-76.958072"
"05/12/2016","AQS","110010041","1","0.8","ppb","0","RIVER TERRACE","23","96.0000","42401","Sulfur dioxide","47900","Washington-Arlington-Alexandria, DC-VA-MD-WV","11","District Of Columbia","001","District of Columbia","38.895572","-76.958072"
"05/13/2016","AQS","110010041","1","0.8","ppb","0","RIVER TERRACE","24","100.0000","42401","Sulfur dioxide","47900","Washington-Arlington-Alexandria, DC-VA-MD-WV","11","District Of Columbia","001","District of Columbia","38.895572","-76.958072"
"05/14/2016","AQS","110010041","1","1.1","ppb","1","RIVER TERRACE","24","100.0000","42401","Sulfur dioxide","47900","Washington-Arlington-Alexandria, DC-VA-MD-WV","11","District Of Columbia","001","District of Columbia","38.895572","-76.958072"
"05/15/2016","AQS","110010041","1","1","ppb","1","RIVER TERRACE","24","100.0000","42401","Sulfur dioxide","47900","Washington-Arlington-Alexandria, DC-VA-MD-WV","11","District Of Columbia","001","District of Columbia","38.895572","-76.958072"
"05/16/2016","AQS","110010041","1","1","ppb","1","RIVER TERRACE","24","100.0000","42401","Sulfur dioxide","47900","Washington-Arlington-Alexandria, DC-VA-MD-WV","11","District Of Columbia","001","District of Columbia","38.895572","-76.958072"
"05/17/2016","AQS","110010041","1","1.2","ppb","1","RIVER TERRACE","24","100.0000","42401","Sulfur dioxide","47900","Washington-Arlington-Alexandria, DC-VA-MD-WV","11","District Of Columbia","001","District of Columbia","38.895572","-76.958072"
"05/18/2016","AQS","110010041","1","1","ppb","1","RIVER TERRACE","24","100.0000","42401","Sulfur dioxide","47900","Washington-Arlington-Alexandria, DC-VA-MD-WV","11","District Of Columbia","001","District of Columbia","38.895572","-76.958072"
"05/19/2016","AQS","110010041","1","0.9","ppb","0","RIVER TERRACE","24","100.0000","42401","Sulfur dioxide","47900","Washington-Arlington-Alexandria, DC-VA-MD-WV","11","District Of Columbia","001","District of Columbia","38.895572","-76.958072"
"05/20/2016","AQS","110010041","1","1.4","ppb","1","RIVER TERRACE","24","100.0000","42401","Sulfur dioxide","47900","Washington-Arlington-Alexandria, DC-VA-MD-WV","11","District Of Columbia","001","District of Columbia","38.895572","-76.958072"
"05/21/2016","AQS","110010041","1","1","ppb","1","RIVER TERRACE","24","100.0000","42401","Sulfur dioxide","47900","Washington-Arlington-Alexandria, DC-VA-MD-WV","11","District Of Columbia","001","District of Columbia","38.895572","-76.958072"
"05/22/2016","AQS","110010041","1","1","ppb","1","RIVER TERRACE","24","100.0000","42401","Sulfur dioxide","47900","Washington-Arlington-Alexandria, DC-VA-MD-WV","11","District Of Columbia","001","District of Columbia","38.895572","-76.958072"
"05/23/2016","AQS","110010041","1","0.8","ppb","0","RIVER TERRACE","24","100.0000","42401","Sulfur dioxide","47900","Washington-Arlington-Alexandria, DC-VA-MD-WV","11","District Of Columbia","001","District of Columbia","38.895572","-76.958072"
"05/24/2016","AQS","110010041","1","1","ppb","1","RIVER TERRACE","24","100.0000","42401","Sulfur dioxide","47900","Washington-Arlington-Alexandria, DC-VA-MD-WV","11","District Of Columbia","001","District of Columbia","38.895572","-76.958072"
"05/25/2016","AQS","110010041","1","1.5","ppb","1","RIVER TERRACE","23","96.0000","42401","Sulfur dioxide","47900","Washington-Arlington-Alexandria, DC-VA-MD-WV","11","District Of Columbia","001","District of Columbia","38.895572","-76.958072"
"05/26/2016","AQS","110010041","1","1.6","ppb","1","RIVER TERRACE","24","100.0000","42401","Sulfur dioxide","47900","Washington-Arlington-Alexandria, DC-VA-MD-WV","11","District Of Columbia","001","District of Columbia","38.895572","-76.958072"
"05/27/2016","AQS","110010041","1","1.2","ppb","1","RIVER TERRACE","24","100.0000","42401","Sulfur dioxide","47900","Washington-Arlington-Alexandria, DC-VA-MD-WV","11","District Of Columbia","001","District of Columbia","38.895572","-76.958072"
"05/28/2016","AQS","110010041","1","1.1","ppb","1","RIVER TERRACE","24","100.0000","42401","Sulfur dioxide","47900","Washington-Arlington-Alexandria, DC-VA-MD-WV","11","District Of Columbia","001","District of Columbia","38.895572","-76.958072"
"05/29/2016","AQS","110010041","1","1","ppb","1","RIVER TERRACE","24","100.0000","42401","Sulfur dioxide","47900","Washington-Arlington-Alexandria, DC-VA-MD-WV","11","District Of Columbia","001","District of Columbia","38.895572","-76.958072"
"05/30/2016","AQS","110010041","1","1.2","ppb","1","RIVER TERRACE","24","100.0000","42401","Sulfur dioxide","47900","Washington-Arlington-Alexandria, DC-VA-MD-WV","11","District Of Columbia","001","District of Columbia","38.895572","-76.958072"
"05/31/2016","AQS","110010041","1","1","ppb","1","RIVER TERRACE","24","100.0000","42401","Sulfur dioxide","47900","Washington-Arlington-Alexandria, DC-VA-MD-WV","11","District Of Columbia","001","District of Columbia","38.895572","-76.958072"
"06/01/2016","AQS","110010041","1","0.9","ppb","0","RIVER TERRACE","24","100.0000","42401","Sulfur dioxide","47900","Washington-Arlington-Alexandria, DC-VA-MD-WV","11","District Of Columbia","001","District of Columbia","38.895572","-76.958072"
"06/02/2016","AQS","110010041","1","0.8","ppb","0","RIVER TERRACE","24","100.0000","42401","Sulfur dioxide","47900","Washington-Arlington-Alexandria, DC-VA-MD-WV","11","District Of Columbia","001","District of Columbia","38.895572","-76.958072"
"06/03/2016","AQS","110010041","1","0.8","ppb","0","RIVER TERRACE","24","100.0000","42401","Sulfur dioxide","47900","Washington-Arlington-Alexandria, DC-VA-MD-WV","11","District Of Columbia","001","District of Columbia","38.895572","-76.958072"
"06/04/2016","AQS","110010041","1","1.2","ppb","1","RIVER TERRACE","24","100.0000","42401","Sulfur dioxide","47900","Washington-Arlington-Alexandria, DC-VA-MD-WV","11","District Of Columbia","001","District of Columbia","38.895572","-76.958072"
"06/05/2016","AQS","110010041","1","0.8","ppb","0","RIVER TERRACE","24","100.0000","42401","Sulfur dioxide","47900","Washington-Arlington-Alexandria, DC-VA-MD-WV","11","District Of Columbia","001","District of Columbia","38.895572","-76.958072"
"06/06/2016","AQS","110010041","1","0.9","ppb","0","RIVER TERRACE","23","96.0000","42401","Sulfur dioxide","47900","Washington-Arlington-Alexandria, DC-VA-MD-WV","11","District Of Columbia","001","District of Columbia","38.895572","-76.958072"
"06/07/2016","AQS","110010041","1","0.5","ppb","0","RIVER TERRACE","24","100.0000","42401","Sulfur dioxide","47900","Washington-Arlington-Alexandria, DC-VA-MD-WV","11","District Of Columbia","001","District of Columbia","38.895572","-76.958072"
"06/08/2016","AQS","110010041","1","0.7","ppb","0","RIVER TERRACE","24","100.0000","42401","Sulfur dioxide","47900","Washington-Arlington-Alexandria, DC-VA-MD-WV","11","District Of Columbia","001","District of Columbia","38.895572","-76.958072"
"06/09/2016","AQS","110010041","1","0.9","ppb","0","RIVER TERRACE","24","100.0000","42401","Sulfur dioxide","47900","Washington-Arlington-Alexandria, DC-VA-MD-WV","11","District Of Columbia","001","District of Columbia","38.895572","-76.958072"
"06/10/2016","AQS","110010041","1","0.9","ppb","0","RIVER TERRACE","24","100.0000","42401","Sulfur dioxide","47900","Washington-Arlington-Alexandria, DC-VA-MD-WV","11","District Of Columbia","001","District of Columbia","38.895572","-76.958072"
"06/11/2016","AQS","110010041","1","0.5","ppb","0","RIVER TERRACE","24","100.0000","42401","Sulfur dioxide","47900","Washington-Arlington-Alexandria, DC-VA-MD-WV","11","District Of Columbia","001","District of Columbia","38.895572","-76.958072"
"06/12/2016","AQS","110010041","1","0.4","ppb","0","RIVER TERRACE","24","100.0000","42401","Sulfur dioxide","47900","Washington-Arlington-Alexandria, DC-VA-MD-WV","11","District Of Columbia","001","District of Columbia","38.895572","-76.958072"
"06/13/2016","AQS","110010041","1","1.1","ppb","1","RIVER TERRACE","22","92.0000","42401","Sulfur dioxide","47900","Washington-Arlington-Alexandria, DC-VA-MD-WV","11","District Of Columbia","001","District of Columbia","38.895572","-76.958072"
"06/14/2016","AQS","110010041","1","2.4","ppb","3","RIVER TERRACE","24","100.0000","42401","Sulfur dioxide","47900","Washington-Arlington-Alexandria, DC-VA-MD-WV","11","District Of Columbia","001","District of Columbia","38.895572","-76.958072"
"06/15/2016","AQS","110010041","1","1","ppb","1","RIVER TERRACE","24","100.0000","42401","Sulfur dioxide","47900","Washington-Arlington-Alexandria, DC-VA-MD-WV","11","District Of Columbia","001","District of Columbia","38.895572","-76.958072"
"06/16/2016","AQS","110010041","1","2.4","ppb","3","RIVER TERRACE","24","100.0000","42401","Sulfur dioxide","47900","Washington-Arlington-Alexandria, DC-VA-MD-WV","11","District Of Columbia","001","District of Columbia","38.895572","-76.958072"
"06/17/2016","AQS","110010041","1","0.7","ppb","0","RIVER TERRACE","24","100.0000","42401","Sulfur dioxide","47900","Washington-Arlington-Alexandria, DC-VA-MD-WV","11","District Of Columbia","001","District of Columbia","38.895572","-76.958072"
"06/18/2016","AQS","110010041","1","2.7","ppb","3","RIVER TERRACE","24","100.0000","42401","Sulfur dioxide","47900","Washington-Arlington-Alexandria, DC-VA-MD-WV","11","District Of Columbia","001","District of Columbia","38.895572","-76.958072"
"06/19/2016","AQS","110010041","1","0.6","ppb","0","RIVER TERRACE","24","100.0000","42401","Sulfur dioxide","47900","Washington-Arlington-Alexandria, DC-VA-MD-WV","11","District Of Columbia","001","District of Columbia","38.895572","-76.958072"
"06/20/2016","AQS","110010041","1","1.1","ppb","1","RIVER TERRACE","24","100.0000","42401","Sulfur dioxide","47900","Washington-Arlington-Alexandria, DC-VA-MD-WV","11","District Of Columbia","001","District of Columbia","38.895572","-76.958072"
"06/21/2016","AQS","110010041","1","0.4","ppb","0","RIVER TERRACE","24","100.0000","42401","Sulfur dioxide","47900","Washington-Arlington-Alexandria, DC-VA-MD-WV","11","District Of Columbia","001","District of Columbia","38.895572","-76.958072"
"06/22/2016","AQS","110010041","1","0.7","ppb","0","RIVER TERRACE","23","96.0000","42401","Sulfur dioxide","47900","Washington-Arlington-Alexandria, DC-VA-MD-WV","11","District Of Columbia","001","District of Columbia","38.895572","-76.958072"
"06/23/2016","AQS","110010041","1","0.4","ppb","0","RIVER TERRACE","24","100.0000","42401","Sulfur dioxide","47900","Washington-Arlington-Alexandria, DC-VA-MD-WV","11","District Of Columbia","001","District of Columbia","38.895572","-76.958072"
"06/24/2016","AQS","110010041","1","1.1","ppb","1","RIVER TERRACE","24","100.0000","42401","Sulfur dioxide","47900","Washington-Arlington-Alexandria, DC-VA-MD-WV","11","District Of Columbia","001","District of Columbia","38.895572","-76.958072"
"06/25/2016","AQS","110010041","1","1.1","ppb","1","RIVER TERRACE","24","100.0000","42401","Sulfur dioxide","47900","Washington-Arlington-Alexandria, DC-VA-MD-WV","11","District Of Columbia","001","District of Columbia","38.895572","-76.958072"
"06/26/2016","AQS","110010041","1","0.6","ppb","0","RIVER TERRACE","24","100.0000","42401","Sulfur dioxide","47900","Washington-Arlington-Alexandria, DC-VA-MD-WV","11","District Of Columbia","001","District of Columbia","38.895572","-76.958072"
"06/27/2016","AQS","110010041","1","0.8","ppb","0","RIVER TERRACE","24","100.0000","42401","Sulfur dioxide","47900","Washington-Arlington-Alexandria, DC-VA-MD-WV","11","District Of Columbia","001","District of Columbia","38.895572","-76.958072"
"06/28/2016","AQS","110010041","1","0.4","ppb","0","RIVER TERRACE","24","100.0000","42401","Sulfur dioxide","47900","Washington-Arlington-Alexandria, DC-VA-MD-WV","11","District Of Columbia","001","District of Columbia","38.895572","-76.958072"
"06/29/2016","AQS","110010041","1","0.5","ppb","0","RIVER TERRACE","24","100.0000","42401","Sulfur dioxide","47900","Washington-Arlington-Alexandria, DC-VA-MD-WV","11","District Of Columbia","001","District of Columbia","38.895572","-76.958072"
"06/30/2016","AQS","110010041","1","1","ppb","1","RIVER TERRACE","24","100.0000","42401","Sulfur dioxide","47900","Washington-Arlington-Alexandria, DC-VA-MD-WV","11","District Of Columbia","001","District of Columbia","38.895572","-76.958072"
"07/01/2016","AQS","110010041","1","0.3","ppb","0","RIVER TERRACE","24","100.0000","42401","Sulfur dioxide","47900","Washington-Arlington-Alexandria, DC-VA-MD-WV","11","District Of Columbia","001","District of Columbia","38.895572","-76.958072"
"07/02/2016","AQS","110010041","1","0.6","ppb","0","RIVER TERRACE","24","100.0000","42401","Sulfur dioxide","47900","Washington-Arlington-Alexandria, DC-VA-MD-WV","11","District Of Columbia","001","District of Columbia","38.895572","-76.958072"
"07/03/2016","AQS","110010041","1","0.7","ppb","0","RIVER TERRACE","24","100.0000","42401","Sulfur dioxide","47900","Washington-Arlington-Alexandria, DC-VA-MD-WV","11","District Of Columbia","001","District of Columbia","38.895572","-76.958072"
"07/04/2016","AQS","110010041","1","0.3","ppb","0","RIVER TERRACE","24","100.0000","42401","Sulfur dioxide","47900","Washington-Arlington-Alexandria, DC-VA-MD-WV","11","District Of Columbia","001","District of Columbia","38.895572","-76.958072"
"07/05/2016","AQS","110010041","1","0.6","ppb","0","RIVER TERRACE","23","96.0000","42401","Sulfur dioxide","47900","Washington-Arlington-Alexandria, DC-VA-MD-WV","11","District Of Columbia","001","District of Columbia","38.895572","-76.958072"
"07/06/2016","AQS","110010041","1","0.5","ppb","0","RIVER TERRACE","24","100.0000","42401","Sulfur dioxide","47900","Washington-Arlington-Alexandria, DC-VA-MD-WV","11","District Of Columbia","001","District of Columbia","38.895572","-76.958072"
"07/07/2016","AQS","110010041","1","0.6","ppb","0","RIVER TERRACE","24","100.0000","42401","Sulfur dioxide","47900","Washington-Arlington-Alexandria, DC-VA-MD-WV","11","District Of Columbia","001","District of Columbia","38.895572","-76.958072"
"07/08/2016","AQS","110010041","1","0.8","ppb","0","RIVER TERRACE","24","100.0000","42401","Sulfur dioxide","47900","Washington-Arlington-Alexandria, DC-VA-MD-WV","11","District Of Columbia","001","District of Columbia","38.895572","-76.958072"
"07/09/2016","AQS","110010041","1","0.6","ppb","0","RIVER TERRACE","24","100.0000","42401","Sulfur dioxide","47900","Washington-Arlington-Alexandria, DC-VA-MD-WV","11","District Of Columbia","001","District of Columbia","38.895572","-76.958072"
"07/10/2016","AQS","110010041","1","0.5","ppb","0","RIVER TERRACE","24","100.0000","42401","Sulfur dioxide","47900","Washington-Arlington-Alexandria, DC-VA-MD-WV","11","District Of Columbia","001","District of Columbia","38.895572","-76.958072"
"07/11/2016","AQS","110010041","1","1.4","ppb","1","RIVER TERRACE","24","100.0000","42401","Sulfur dioxide","47900","Washington-Arlington-Alexandria, DC-VA-MD-WV","11","District Of Columbia","001","District of Columbia","38.895572","-76.958072"
"07/12/2016","AQS","110010041","1","0.6","ppb","0","RIVER TERRACE","24","100.0000","42401","Sulfur dioxide","47900","Washington-Arlington-Alexandria, DC-VA-MD-WV","11","District Of Columbia","001","District of Columbia","38.895572","-76.958072"
"07/13/2016","AQS","110010041","1","0.2","ppb","0","RIVER TERRACE","24","100.0000","42401","Sulfur dioxide","47900","Washington-Arlington-Alexandria, DC-VA-MD-WV","11","District Of Columbia","001","District of Columbia","38.895572","-76.958072"
"07/14/2016","AQS","110010041","1","0.6","ppb","0","RIVER TERRACE","24","100.0000","42401","Sulfur dioxide","47900","Washington-Arlington-Alexandria, DC-VA-MD-WV","11","District Of Columbia","001","District of Columbia","38.895572","-76.958072"
"07/15/2016","AQS","110010041","1","0.3","ppb","0","RIVER TERRACE","23","96.0000","42401","Sulfur dioxide","47900","Washington-Arlington-Alexandria, DC-VA-MD-WV","11","District Of Columbia","001","District of Columbia","38.895572","-76.958072"
"07/16/2016","AQS","110010041","1","0.4","ppb","0","RIVER TERRACE","24","100.0000","42401","Sulfur dioxide","47900","Washington-Arlington-Alexandria, DC-VA-MD-WV","11","District Of Columbia","001","District of Columbia","38.895572","-76.958072"
"07/17/2016","AQS","110010041","1","0.6","ppb","0","RIVER TERRACE","24","100.0000","42401","Sulfur dioxide","47900","Washington-Arlington-Alexandria, DC-VA-MD-WV","11","District Of Columbia","001","District of Columbia","38.895572","-76.958072"
"07/18/2016","AQS","110010041","1","0.6","ppb","0","RIVER TERRACE","24","100.0000","42401","Sulfur dioxide","47900","Washington-Arlington-Alexandria, DC-VA-MD-WV","11","District Of Columbia","001","District of Columbia","38.895572","-76.958072"
"07/19/2016","AQS","110010041","1","0.5","ppb","0","RIVER TERRACE","24","100.0000","42401","Sulfur dioxide","47900","Washington-Arlington-Alexandria, DC-VA-MD-WV","11","District Of Columbia","001","District of Columbia","38.895572","-76.958072"
"07/20/2016","AQS","110010041","1","2.6","ppb","3","RIVER TERRACE","24","100.0000","42401","Sulfur dioxide","47900","Washington-Arlington-Alexandria, DC-VA-MD-WV","11","District Of Columbia","001","District of Columbia","38.895572","-76.958072"
"07/21/2016","AQS","110010041","1","0.5","ppb","0","RIVER TERRACE","24","100.0000","42401","Sulfur dioxide","47900","Washington-Arlington-Alexandria, DC-VA-MD-WV","11","District Of Columbia","001","District of Columbia","38.895572","-76.958072"
"07/22/2016","AQS","110010041","1","0.8","ppb","0","RIVER TERRACE","24","100.0000","42401","Sulfur dioxide","47900","Washington-Arlington-Alexandria, DC-VA-MD-WV","11","District Of Columbia","001","District of Columbia","38.895572","-76.958072"
"07/23/2016","AQS","110010041","1","0.8","ppb","0","RIVER TERRACE","24","100.0000","42401","Sulfur dioxide","47900","Washington-Arlington-Alexandria, DC-VA-MD-WV","11","District Of Columbia","001","District of Columbia","38.895572","-76.958072"
"07/24/2016","AQS","110010041","1","2.1","ppb","3","RIVER TERRACE","24","100.0000","42401","Sulfur dioxide","47900","Washington-Arlington-Alexandria, DC-VA-MD-WV","11","District Of Columbia","001","District of Columbia","38.895572","-76.958072"
"07/25/2016","AQS","110010041","1","1.7","ppb","1","RIVER TERRACE","23","96.0000","42401","Sulfur dioxide","47900","Washington-Arlington-Alexandria, DC-VA-MD-WV","11","District Of Columbia","001","District of Columbia","38.895572","-76.958072"
"07/26/2016","AQS","110010041","1","0.7","ppb","0","RIVER TERRACE","24","100.0000","42401","Sulfur dioxide","47900","Washington-Arlington-Alexandria, DC-VA-MD-WV","11","District Of Columbia","001","District of Columbia","38.895572","-76.958072"
"07/27/2016","AQS","110010041","1","0.7","ppb","0","RIVER TERRACE","24","100.0000","42401","Sulfur dioxide","47900","Washington-Arlington-Alexandria, DC-VA-MD-WV","11","District Of Columbia","001","District of Columbia","38.895572","-76.958072"
"07/28/2016","AQS","110010041","1","0.3","ppb","0","RIVER TERRACE","22","92.0000","42401","Sulfur dioxide","47900","Washington-Arlington-Alexandria, DC-VA-MD-WV","11","District Of Columbia","001","District of Columbia","38.895572","-76.958072"
"07/29/2016","AQS","110010041","1","0.3","ppb","0","RIVER TERRACE","24","100.0000","42401","Sulfur dioxide","47900","Washington-Arlington-Alexandria, DC-VA-MD-WV","11","District Of Columbia","001","District of Columbia","38.895572","-76.958072"
"07/30/2016","AQS","110010041","1","0.4","ppb","0","RIVER TERRACE","24","100.0000","42401","Sulfur dioxide","47900","Washington-Arlington-Alexandria, DC-VA-MD-WV","11","District Of Columbia","001","District of Columbia","38.895572","-76.958072"
"07/31/2016","AQS","110010041","1","0.2","ppb","0","RIVER TERRACE","24","100.0000","42401","Sulfur dioxide","47900","Washington-Arlington-Alexandria, DC-VA-MD-WV","11","District Of Columbia","001","District of Columbia","38.895572","-76.958072"
"08/01/2016","AQS","110010041","1","0.9","ppb","0","RIVER TERRACE","24","100.0000","42401","Sulfur dioxide","47900","Washington-Arlington-Alexandria, DC-VA-MD-WV","11","District Of Columbia","001","District of Columbia","38.895572","-76.958072"
"08/02/2016","AQS","110010041","1","1","ppb","1","RIVER TERRACE","24","100.0000","42401","Sulfur dioxide","47900","Washington-Arlington-Alexandria, DC-VA-MD-WV","11","District Of Columbia","001","District of Columbia","38.895572","-76.958072"
"08/03/2016","AQS","110010041","1","0.8","ppb","0","RIVER TERRACE","24","100.0000","42401","Sulfur dioxide","47900","Washington-Arlington-Alexandria, DC-VA-MD-WV","11","District Of Columbia","001","District of Columbia","38.895572","-76.958072"
"08/04/2016","AQS","110010041","1","0.4","ppb","0","RIVER TERRACE","23","96.0000","42401","Sulfur dioxide","47900","Washington-Arlington-Alexandria, DC-VA-MD-WV","11","District Of Columbia","001","District of Columbia","38.895572","-76.958072"
"08/05/2016","AQS","110010041","1","1.4","ppb","1","RIVER TERRACE","24","100.0000","42401","Sulfur dioxide","47900","Washington-Arlington-Alexandria, DC-VA-MD-WV","11","District Of Columbia","001","District of Columbia","38.895572","-76.958072"
"08/06/2016","AQS","110010041","1","1.6","ppb","1","RIVER TERRACE","24","100.0000","42401","Sulfur dioxide","47900","Washington-Arlington-Alexandria, DC-VA-MD-WV","11","District Of Columbia","001","District of Columbia","38.895572","-76.958072"
"08/07/2016","AQS","110010041","1","1.6","ppb","1","RIVER TERRACE","24","100.0000","42401","Sulfur dioxide","47900","Washington-Arlington-Alexandria, DC-VA-MD-WV","11","District Of Columbia","001","District of Columbia","38.895572","-76.958072"
"08/08/2016","AQS","110010041","1","0.5","ppb","0","RIVER TERRACE","24","100.0000","42401","Sulfur dioxide","47900","Washington-Arlington-Alexandria, DC-VA-MD-WV","11","District Of Columbia","001","District of Columbia","38.895572","-76.958072"
"08/09/2016","AQS","110010041","1","0.9","ppb","0","RIVER TERRACE","24","100.0000","42401","Sulfur dioxide","47900","Washington-Arlington-Alexandria, DC-VA-MD-WV","11","District Of Columbia","001","District of Columbia","38.895572","-76.958072"
"08/10/2016","AQS","110010041","1","0.6","ppb","0","RIVER TERRACE","24","100.0000","42401","Sulfur dioxide","47900","Washington-Arlington-Alexandria, DC-VA-MD-WV","11","District Of Columbia","001","District of Columbia","38.895572","-76.958072"
"08/11/2016","AQS","110010041","1","0.5","ppb","0","RIVER TERRACE","24","100.0000","42401","Sulfur dioxide","47900","Washington-Arlington-Alexandria, DC-VA-MD-WV","11","District Of Columbia","001","District of Columbia","38.895572","-76.958072"
"08/12/2016","AQS","110010041","1","0.9","ppb","0","RIVER TERRACE","22","92.0000","42401","Sulfur dioxide","47900","Washington-Arlington-Alexandria, DC-VA-MD-WV","11","District Of Columbia","001","District of Columbia","38.895572","-76.958072"
"08/13/2016","AQS","110010041","1","0.7","ppb","0","RIVER TERRACE","24","100.0000","42401","Sulfur dioxide","47900","Washington-Arlington-Alexandria, DC-VA-MD-WV","11","District Of Columbia","001","District of Columbia","38.895572","-76.958072"
"08/14/2016","AQS","110010041","1","0.4","ppb","0","RIVER TERRACE","24","100.0000","42401","Sulfur dioxide","47900","Washington-Arlington-Alexandria, DC-VA-MD-WV","11","District Of Columbia","001","District of Columbia","38.895572","-76.958072"
"08/15/2016","AQS","110010041","1","1.1","ppb","1","RIVER TERRACE","24","100.0000","42401","Sulfur dioxide","47900","Washington-Arlington-Alexandria, DC-VA-MD-WV","11","District Of Columbia","001","District of Columbia","38.895572","-76.958072"
"08/16/2016","AQS","110010041","1","3.8","ppb","4","RIVER TERRACE","24","100.0000","42401","Sulfur dioxide","47900","Washington-Arlington-Alexandria, DC-VA-MD-WV","11","District Of Columbia","001","District of Columbia","38.895572","-76.958072"
"08/17/2016","AQS","110010041","1","1.2","ppb","1","RIVER TERRACE","23","96.0000","42401","Sulfur dioxide","47900","Washington-Arlington-Alexandria, DC-VA-MD-WV","11","District Of Columbia","001","District of Columbia","38.895572","-76.958072"
"08/18/2016","AQS","110010041","1","1.3","ppb","1","RIVER TERRACE","24","100.0000","42401","Sulfur dioxide","47900","Washington-Arlington-Alexandria, DC-VA-MD-WV","11","District Of Columbia","001","District of Columbia","38.895572","-76.958072"
"08/19/2016","AQS","110010041","1","1.7","ppb","1","RIVER TERRACE","24","100.0000","42401","Sulfur dioxide","47900","Washington-Arlington-Alexandria, DC-VA-MD-WV","11","District Of Columbia","001","District of Columbia","38.895572","-76.958072"
"08/20/2016","AQS","110010041","1","1.2","ppb","1","RIVER TERRACE","24","100.0000","42401","Sulfur dioxide","47900","Washington-Arlington-Alexandria, DC-VA-MD-WV","11","District Of Columbia","001","District of Columbia","38.895572","-76.958072"
"08/21/2016","AQS","110010041","1","0.7","ppb","0","RIVER TERRACE","24","100.0000","42401","Sulfur dioxide","47900","Washington-Arlington-Alexandria, DC-VA-MD-WV","11","District Of Columbia","001","District of Columbia","38.895572","-76.958072"
"08/22/2016","AQS","110010041","1","0.7","ppb","0","RIVER TERRACE","24","100.0000","42401","Sulfur dioxide","47900","Washington-Arlington-Alexandria, DC-VA-MD-WV","11","District Of Columbia","001","District of Columbia","38.895572","-76.958072"
"08/23/2016","AQS","110010041","1","0.9","ppb","0","RIVER TERRACE","24","100.0000","42401","Sulfur dioxide","47900","Washington-Arlington-Alexandria, DC-VA-MD-WV","11","District Of Columbia","001","District of Columbia","38.895572","-76.958072"
"08/24/2016","AQS","110010041","1","1","ppb","1","RIVER TERRACE","24","100.0000","42401","Sulfur dioxide","47900","Washington-Arlington-Alexandria, DC-VA-MD-WV","11","District Of Columbia","001","District of Columbia","38.895572","-76.958072"
"08/25/2016","AQS","110010041","1","0.5","ppb","0","RIVER TERRACE","22","92.0000","42401","Sulfur dioxide","47900","Washington-Arlington-Alexandria, DC-VA-MD-WV","11","District Of Columbia","001","District of Columbia","38.895572","-76.958072"
"08/26/2016","AQS","110010041","1","0.9","ppb","0","RIVER TERRACE","24","100.0000","42401","Sulfur dioxide","47900","Washington-Arlington-Alexandria, DC-VA-MD-WV","11","District Of Columbia","001","District of Columbia","38.895572","-76.958072"
"08/27/2016","AQS","110010041","1","1.5","ppb","1","RIVER TERRACE","24","100.0000","42401","Sulfur dioxide","47900","Washington-Arlington-Alexandria, DC-VA-MD-WV","11","District Of Columbia","001","District of Columbia","38.895572","-76.958072"
"08/28/2016","AQS","110010041","1","1.3","ppb","1","RIVER TERRACE","24","100.0000","42401","Sulfur dioxide","47900","Washington-Arlington-Alexandria, DC-VA-MD-WV","11","District Of Columbia","001","District of Columbia","38.895572","-76.958072"
"08/29/2016","AQS","110010041","1","2.8","ppb","3","RIVER TERRACE","24","100.0000","42401","Sulfur dioxide","47900","Washington-Arlington-Alexandria, DC-VA-MD-WV","11","District Of Columbia","001","District of Columbia","38.895572","-76.958072"
"08/30/2016","AQS","110010041","1","8.5","ppb","11","RIVER TERRACE","24","100.0000","42401","Sulfur dioxide","47900","Washington-Arlington-Alexandria, DC-VA-MD-WV","11","District Of Columbia","001","District of Columbia","38.895572","-76.958072"
"08/31/2016","AQS","110010041","1","1.2","ppb","1","RIVER TERRACE","22","92.0000","42401","Sulfur dioxide","47900","Washington-Arlington-Alexandria, DC-VA-MD-WV","11","District Of Columbia","001","District of Columbia","38.895572","-76.958072"
"09/01/2016","AQS","110010041","1","0.8","ppb","0","RIVER TERRACE","24","100.0000","42401","Sulfur dioxide","47900","Washington-Arlington-Alexandria, DC-VA-MD-WV","11","District Of Columbia","001","District of Columbia","38.895572","-76.958072"
"09/02/2016","AQS","110010041","1","0.8","ppb","0","RIVER TERRACE","24","100.0000","42401","Sulfur dioxide","47900","Washington-Arlington-Alexandria, DC-VA-MD-WV","11","District Of Columbia","001","District of Columbia","38.895572","-76.958072"
"09/03/2016","AQS","110010041","1","0.4","ppb","0","RIVER TERRACE","24","100.0000","42401","Sulfur dioxide","47900","Washington-Arlington-Alexandria, DC-VA-MD-WV","11","District Of Columbia","001","District of Columbia","38.895572","-76.958072"
"09/04/2016","AQS","110010041","1","0.4","ppb","0","RIVER TERRACE","24","100.0000","42401","Sulfur dioxide","47900","Washington-Arlington-Alexandria, DC-VA-MD-WV","11","District Of Columbia","001","District of Columbia","38.895572","-76.958072"
"09/05/2016","AQS","110010041","1","0.5","ppb","0","RIVER TERRACE","24","100.0000","42401","Sulfur dioxide","47900","Washington-Arlington-Alexandria, DC-VA-MD-WV","11","District Of Columbia","001","District of Columbia","38.895572","-76.958072"
"09/06/2016","AQS","110010041","1","0.4","ppb","0","RIVER TERRACE","24","100.0000","42401","Sulfur dioxide","47900","Washington-Arlington-Alexandria, DC-VA-MD-WV","11","District Of Columbia","001","District of Columbia","38.895572","-76.958072"
"09/07/2016","AQS","110010041","1","0.6","ppb","0","RIVER TERRACE","24","100.0000","42401","Sulfur dioxide","47900","Washington-Arlington-Alexandria, DC-VA-MD-WV","11","District Of Columbia","001","District of Columbia","38.895572","-76.958072"
"09/08/2016","AQS","110010041","1","1.6","ppb","1","RIVER TERRACE","24","100.0000","42401","Sulfur dioxide","47900","Washington-Arlington-Alexandria, DC-VA-MD-WV","11","District Of Columbia","001","District of Columbia","38.895572","-76.958072"
"09/09/2016","AQS","110010041","1","1","ppb","1","RIVER TERRACE","24","100.0000","42401","Sulfur dioxide","47900","Washington-Arlington-Alexandria, DC-VA-MD-WV","11","District Of Columbia","001","District of Columbia","38.895572","-76.958072"
"09/10/2016","AQS","110010041","1","1.1","ppb","1","RIVER TERRACE","24","100.0000","42401","Sulfur dioxide","47900","Washington-Arlington-Alexandria, DC-VA-MD-WV","11","District Of Columbia","001","District of Columbia","38.895572","-76.958072"
"09/11/2016","AQS","110010041","1","0.5","ppb","0","RIVER TERRACE","24","100.0000","42401","Sulfur dioxide","47900","Washington-Arlington-Alexandria, DC-VA-MD-WV","11","District Of Columbia","001","District of Columbia","38.895572","-76.958072"
"09/12/2016","AQS","110010041","1","1","ppb","1","RIVER TERRACE","24","100.0000","42401","Sulfur dioxide","47900","Washington-Arlington-Alexandria, DC-VA-MD-WV","11","District Of Columbia","001","District of Columbia","38.895572","-76.958072"
"09/13/2016","AQS","110010041","1","1.2","ppb","1","RIVER TERRACE","24","100.0000","42401","Sulfur dioxide","47900","Washington-Arlington-Alexandria, DC-VA-MD-WV","11","District Of Columbia","001","District of Columbia","38.895572","-76.958072"
"09/14/2016","AQS","110010041","1","1.5","ppb","1","RIVER TERRACE","23","96.0000","42401","Sulfur dioxide","47900","Washington-Arlington-Alexandria, DC-VA-MD-WV","11","District Of Columbia","001","District of Columbia","38.895572","-76.958072"
"09/15/2016","AQS","110010041","1","2","ppb","3","RIVER TERRACE","24","100.0000","42401","Sulfur dioxide","47900","Washington-Arlington-Alexandria, DC-VA-MD-WV","11","District Of Columbia","001","District of Columbia","38.895572","-76.958072"
"09/16/2016","AQS","110010041","1","3.8","ppb","4","RIVER TERRACE","24","100.0000","42401","Sulfur dioxide","47900","Washington-Arlington-Alexandria, DC-VA-MD-WV","11","District Of Columbia","001","District of Columbia","38.895572","-76.958072"
"09/17/2016","AQS","110010041","1","1","ppb","1","RIVER TERRACE","24","100.0000","42401","Sulfur dioxide","47900","Washington-Arlington-Alexandria, DC-VA-MD-WV","11","District Of Columbia","001","District of Columbia","38.895572","-76.958072"
"09/18/2016","AQS","110010041","1","0.7","ppb","0","RIVER TERRACE","24","100.0000","42401","Sulfur dioxide","47900","Washington-Arlington-Alexandria, DC-VA-MD-WV","11","District Of Columbia","001","District of Columbia","38.895572","-76.958072"
"09/19/2016","AQS","110010041","1","1.4","ppb","1","RIVER TERRACE","24","100.0000","42401","Sulfur dioxide","47900","Washington-Arlington-Alexandria, DC-VA-MD-WV","11","District Of Columbia","001","District of Columbia","38.895572","-76.958072"
"09/20/2016","AQS","110010041","1","9","ppb","13","RIVER TERRACE","24","100.0000","42401","Sulfur dioxide","47900","Washington-Arlington-Alexandria, DC-VA-MD-WV","11","District Of Columbia","001","District of Columbia","38.895572","-76.958072"
"09/21/2016","AQS","110010041","1","3.5","ppb","4","RIVER TERRACE","22","92.0000","42401","Sulfur dioxide","47900","Washington-Arlington-Alexandria, DC-VA-MD-WV","11","District Of Columbia","001","District of Columbia","38.895572","-76.958072"
"09/22/2016","AQS","110010041","1","2.1","ppb","3","RIVER TERRACE","24","100.0000","42401","Sulfur dioxide","47900","Washington-Arlington-Alexandria, DC-VA-MD-WV","11","District Of Columbia","001","District of Columbia","38.895572","-76.958072"
"09/23/2016","AQS","110010041","1","1.3","ppb","1","RIVER TERRACE","24","100.0000","42401","Sulfur dioxide","47900","Washington-Arlington-Alexandria, DC-VA-MD-WV","11","District Of Columbia","001","District of Columbia","38.895572","-76.958072"
"09/24/2016","AQS","110010041","1","1.4","ppb","1","RIVER TERRACE","24","100.0000","42401","Sulfur dioxide","47900","Washington-Arlington-Alexandria, DC-VA-MD-WV","11","District Of Columbia","001","District of Columbia","38.895572","-76.958072"
"09/25/2016","AQS","110010041","1","1.7","ppb","1","RIVER TERRACE","24","100.0000","42401","Sulfur dioxide","47900","Washington-Arlington-Alexandria, DC-VA-MD-WV","11","District Of Columbia","001","District of Columbia","38.895572","-76.958072"
"09/26/2016","AQS","110010041","1","1.6","ppb","1","RIVER TERRACE","24","100.0000","42401","Sulfur dioxide","47900","Washington-Arlington-Alexandria, DC-VA-MD-WV","11","District Of Columbia","001","District of Columbia","38.895572","-76.958072"
"09/27/2016","AQS","110010041","1","2.2","ppb","3","RIVER TERRACE","24","100.0000","42401","Sulfur dioxide","47900","Washington-Arlington-Alexandria, DC-VA-MD-WV","11","District Of Columbia","001","District of Columbia","38.895572","-76.958072"
"09/28/2016","AQS","110010041","1","1.9","ppb","1","RIVER TERRACE","24","100.0000","42401","Sulfur dioxide","47900","Washington-Arlington-Alexandria, DC-VA-MD-WV","11","District Of Columbia","001","District of Columbia","38.895572","-76.958072"
"09/29/2016","AQS","110010041","1","1.8","ppb","1","RIVER TERRACE","24","100.0000","42401","Sulfur dioxide","47900","Washington-Arlington-Alexandria, DC-VA-MD-WV","11","District Of Columbia","001","District of Columbia","38.895572","-76.958072"
"09/30/2016","AQS","110010041","1","2","ppb","3","RIVER TERRACE","24","100.0000","42401","Sulfur dioxide","47900","Washington-Arlington-Alexandria, DC-VA-MD-WV","11","District Of Columbia","001","District of Columbia","38.895572","-76.958072"
"10/01/2016","AQS","110010041","1","1.2","ppb","1","RIVER TERRACE","24","100.0000","42401","Sulfur dioxide","47900","Washington-Arlington-Alexandria, DC-VA-MD-WV","11","District Of Columbia","001","District of Columbia","38.895572","-76.958072"
"10/02/2016","AQS","110010041","1","1.4","ppb","1","RIVER TERRACE","24","100.0000","42401","Sulfur dioxide","47900","Washington-Arlington-Alexandria, DC-VA-MD-WV","11","District Of Columbia","001","District of Columbia","38.895572","-76.958072"
"10/03/2016","AQS","110010041","1","1.5","ppb","1","RIVER TERRACE","24","100.0000","42401","Sulfur dioxide","47900","Washington-Arlington-Alexandria, DC-VA-MD-WV","11","District Of Columbia","001","District of Columbia","38.895572","-76.958072"
"10/04/2016","AQS","110010041","1","1.7","ppb","1","RIVER TERRACE","24","100.0000","42401","Sulfur dioxide","47900","Washington-Arlington-Alexandria, DC-VA-MD-WV","11","District Of Columbia","001","District of Columbia","38.895572","-76.958072"
"10/05/2016","AQS","110010041","1","1.5","ppb","1","RIVER TERRACE","24","100.0000","42401","Sulfur dioxide","47900","Washington-Arlington-Alexandria, DC-VA-MD-WV","11","District Of Columbia","001","District of Columbia","38.895572","-76.958072"
"10/06/2016","AQS","110010041","1","2.1","ppb","3","RIVER TERRACE","24","100.0000","42401","Sulfur dioxide","47900","Washington-Arlington-Alexandria, DC-VA-MD-WV","11","District Of Columbia","001","District of Columbia","38.895572","-76.958072"
"10/07/2016","AQS","110010041","1","1.5","ppb","1","RIVER TERRACE","24","100.0000","42401","Sulfur dioxide","47900","Washington-Arlington-Alexandria, DC-VA-MD-WV","11","District Of Columbia","001","District of Columbia","38.895572","-76.958072"
"10/08/2016","AQS","110010041","1","1.4","ppb","1","RIVER TERRACE","24","100.0000","42401","Sulfur dioxide","47900","Washington-Arlington-Alexandria, DC-VA-MD-WV","11","District Of Columbia","001","District of Columbia","38.895572","-76.958072"
"10/09/2016","AQS","110010041","1","1.6","ppb","1","RIVER TERRACE","24","100.0000","42401","Sulfur dioxide","47900","Washington-Arlington-Alexandria, DC-VA-MD-WV","11","District Of Columbia","001","District of Columbia","38.895572","-76.958072"
"10/10/2016","AQS","110010041","1","1.7","ppb","1","RIVER TERRACE","24","100.0000","42401","Sulfur dioxide","47900","Washington-Arlington-Alexandria, DC-VA-MD-WV","11","District Of Columbia","001","District of Columbia","38.895572","-76.958072"
"10/11/2016","AQS","110010041","1","1.8","ppb","1","RIVER TERRACE","24","100.0000","42401","Sulfur dioxide","47900","Washington-Arlington-Alexandria, DC-VA-MD-WV","11","District Of Columbia","001","District of Columbia","38.895572","-76.958072"
"10/12/2016","AQS","110010041","1","1.7","ppb","1","RIVER TERRACE","24","100.0000","42401","Sulfur dioxide","47900","Washington-Arlington-Alexandria, DC-VA-MD-WV","11","District Of Columbia","001","District of Columbia","38.895572","-76.958072"
"10/13/2016","AQS","110010041","1","1.8","ppb","1","RIVER TERRACE","24","100.0000","42401","Sulfur dioxide","47900","Washington-Arlington-Alexandria, DC-VA-MD-WV","11","District Of Columbia","001","District of Columbia","38.895572","-76.958072"
"10/14/2016","AQS","110010041","1","1.8","ppb","1","RIVER TERRACE","23","96.0000","42401","Sulfur dioxide","47900","Washington-Arlington-Alexandria, DC-VA-MD-WV","11","District Of Columbia","001","District of Columbia","38.895572","-76.958072"
"10/15/2016","AQS","110010041","1","1.9","ppb","1","RIVER TERRACE","24","100.0000","42401","Sulfur dioxide","47900","Washington-Arlington-Alexandria, DC-VA-MD-WV","11","District Of Columbia","001","District of Columbia","38.895572","-76.958072"
"10/16/2016","AQS","110010041","1","1.8","ppb","1","RIVER TERRACE","24","100.0000","42401","Sulfur dioxide","47900","Washington-Arlington-Alexandria, DC-VA-MD-WV","11","District Of Columbia","001","District of Columbia","38.895572","-76.958072"
"10/17/2016","AQS","110010041","1","1.9","ppb","1","RIVER TERRACE","24","100.0000","42401","Sulfur dioxide","47900","Washington-Arlington-Alexandria, DC-VA-MD-WV","11","District Of Columbia","001","District of Columbia","38.895572","-76.958072"
"10/18/2016","AQS","110010041","1","1.3","ppb","1","RIVER TERRACE","24","100.0000","42401","Sulfur dioxide","47900","Washington-Arlington-Alexandria, DC-VA-MD-WV","11","District Of Columbia","001","District of Columbia","38.895572","-76.958072"
"10/19/2016","AQS","110010041","1","1.9","ppb","1","RIVER TERRACE","24","100.0000","42401","Sulfur dioxide","47900","Washington-Arlington-Alexandria, DC-VA-MD-WV","11","District Of Columbia","001","District of Columbia","38.895572","-76.958072"
"10/20/2016","AQS","110010041","1","1.7","ppb","1","RIVER TERRACE","23","96.0000","42401","Sulfur dioxide","47900","Washington-Arlington-Alexandria, DC-VA-MD-WV","11","District Of Columbia","001","District of Columbia","38.895572","-76.958072"
"10/21/2016","AQS","110010041","1","1.7","ppb","1","RIVER TERRACE","24","100.0000","42401","Sulfur dioxide","47900","Washington-Arlington-Alexandria, DC-VA-MD-WV","11","District Of Columbia","001","District of Columbia","38.895572","-76.958072"
"10/22/2016","AQS","110010041","1","2","ppb","3","RIVER TERRACE","24","100.0000","42401","Sulfur dioxide","47900","Washington-Arlington-Alexandria, DC-VA-MD-WV","11","District Of Columbia","001","District of Columbia","38.895572","-76.958072"
"10/23/2016","AQS","110010041","1","2.6","ppb","3","RIVER TERRACE","24","100.0000","42401","Sulfur dioxide","47900","Washington-Arlington-Alexandria, DC-VA-MD-WV","11","District Of Columbia","001","District of Columbia","38.895572","-76.958072"
"10/24/2016","AQS","110010041","1","4.3","ppb","6","RIVER TERRACE","19","79.0000","42401","Sulfur dioxide","47900","Washington-Arlington-Alexandria, DC-VA-MD-WV","11","District Of Columbia","001","District of Columbia","38.895572","-76.958072"
"10/25/2016","AQS","110010041","1","1.8","ppb","1","RIVER TERRACE","21","88.0000","42401","Sulfur dioxide","47900","Washington-Arlington-Alexandria, DC-VA-MD-WV","11","District Of Columbia","001","District of Columbia","38.895572","-76.958072"
"10/26/2016","AQS","110010041","1","2","ppb","3","RIVER TERRACE","24","100.0000","42401","Sulfur dioxide","47900","Washington-Arlington-Alexandria, DC-VA-MD-WV","11","District Of Columbia","001","District of Columbia","38.895572","-76.958072"
"10/27/2016","AQS","110010041","1","1.6","ppb","1","RIVER TERRACE","24","100.0000","42401","Sulfur dioxide","47900","Washington-Arlington-Alexandria, DC-VA-MD-WV","11","District Of Columbia","001","District of Columbia","38.895572","-76.958072"
"10/28/2016","AQS","110010041","1","1.9","ppb","1","RIVER TERRACE","24","100.0000","42401","Sulfur dioxide","47900","Washington-Arlington-Alexandria, DC-VA-MD-WV","11","District Of Columbia","001","District of Columbia","38.895572","-76.958072"
"10/29/2016","AQS","110010041","1","2.1","ppb","3","RIVER TERRACE","24","100.0000","42401","Sulfur dioxide","47900","Washington-Arlington-Alexandria, DC-VA-MD-WV","11","District Of Columbia","001","District of Columbia","38.895572","-76.958072"
"10/30/2016","AQS","110010041","1","1.9","ppb","1","RIVER TERRACE","24","100.0000","42401","Sulfur dioxide","47900","Washington-Arlington-Alexandria, DC-VA-MD-WV","11","District Of Columbia","001","District of Columbia","38.895572","-76.958072"
"10/31/2016","AQS","110010041","1","2.4","ppb","3","RIVER TERRACE","24","100.0000","42401","Sulfur dioxide","47900","Washington-Arlington-Alexandria, DC-VA-MD-WV","11","District Of Columbia","001","District of Columbia","38.895572","-76.958072"
"11/01/2016","AQS","110010041","1","3.3","ppb","4","RIVER TERRACE","22","92.0000","42401","Sulfur dioxide","47900","Washington-Arlington-Alexandria, DC-VA-MD-WV","11","District Of Columbia","001","District of Columbia","38.895572","-76.958072"
"11/02/2016","AQS","110010041","1","1.9","ppb","1","RIVER TERRACE","22","92.0000","42401","Sulfur dioxide","47900","Washington-Arlington-Alexandria, DC-VA-MD-WV","11","District Of Columbia","001","District of Columbia","38.895572","-76.958072"
"11/03/2016","AQS","110010041","1","2.4","ppb","3","RIVER TERRACE","24","100.0000","42401","Sulfur dioxide","47900","Washington-Arlington-Alexandria, DC-VA-MD-WV","11","District Of Columbia","001","District of Columbia","38.895572","-76.958072"
"11/04/2016","AQS","110010041","1","1.5","ppb","1","RIVER TERRACE","24","100.0000","42401","Sulfur dioxide","47900","Washington-Arlington-Alexandria, DC-VA-MD-WV","11","District Of Columbia","001","District of Columbia","38.895572","-76.958072"
"11/05/2016","AQS","110010041","1","1.7","ppb","1","RIVER TERRACE","24","100.0000","42401","Sulfur dioxide","47900","Washington-Arlington-Alexandria, DC-VA-MD-WV","11","District Of Columbia","001","District of Columbia","38.895572","-76.958072"
"11/06/2016","AQS","110010041","1","1.8","ppb","1","RIVER TERRACE","24","100.0000","42401","Sulfur dioxide","47900","Washington-Arlington-Alexandria, DC-VA-MD-WV","11","District Of Columbia","001","District of Columbia","38.895572","-76.958072"
"11/07/2016","AQS","110010041","1","3","ppb","4","RIVER TERRACE","23","96.0000","42401","Sulfur dioxide","47900","Washington-Arlington-Alexandria, DC-VA-MD-WV","11","District Of Columbia","001","District of Columbia","38.895572","-76.958072"
"11/08/2016","AQS","110010041","1","2.4","ppb","3","RIVER TERRACE","24","100.0000","42401","Sulfur dioxide","47900","Washington-Arlington-Alexandria, DC-VA-MD-WV","11","District Of Columbia","001","District of Columbia","38.895572","-76.958072"
"11/10/2016","AQS","110010041","1","2.6","ppb","3","RIVER TERRACE","24","100.0000","42401","Sulfur dioxide","47900","Washington-Arlington-Alexandria, DC-VA-MD-WV","11","District Of Columbia","001","District of Columbia","38.895572","-76.958072"
"11/11/2016","AQS","110010041","1","3.7","ppb","4","RIVER TERRACE","24","100.0000","42401","Sulfur dioxide","47900","Washington-Arlington-Alexandria, DC-VA-MD-WV","11","District Of Columbia","001","District of Columbia","38.895572","-76.958072"
"11/12/2016","AQS","110010041","1","4.9","ppb","6","RIVER TERRACE","24","100.0000","42401","Sulfur dioxide","47900","Washington-Arlington-Alexandria, DC-VA-MD-WV","11","District Of Columbia","001","District of Columbia","38.895572","-76.958072"
"11/13/2016","AQS","110010041","1","3.3","ppb","4","RIVER TERRACE","24","100.0000","42401","Sulfur dioxide","47900","Washington-Arlington-Alexandria, DC-VA-MD-WV","11","District Of Columbia","001","District of Columbia","38.895572","-76.958072"
"11/14/2016","AQS","110010041","1","2.7","ppb","3","RIVER TERRACE","24","100.0000","42401","Sulfur dioxide","47900","Washington-Arlington-Alexandria, DC-VA-MD-WV","11","District Of Columbia","001","District of Columbia","38.895572","-76.958072"
"11/15/2016","AQS","110010041","1","2.8","ppb","3","RIVER TERRACE","24","100.0000","42401","Sulfur dioxide","47900","Washington-Arlington-Alexandria, DC-VA-MD-WV","11","District Of Columbia","001","District of Columbia","38.895572","-76.958072"
"11/16/2016","AQS","110010041","1","2","ppb","3","RIVER TERRACE","24","100.0000","42401","Sulfur dioxide","47900","Washington-Arlington-Alexandria, DC-VA-MD-WV","11","District Of Columbia","001","District of Columbia","38.895572","-76.958072"
"11/17/2016","AQS","110010041","1","2.2","ppb","3","RIVER TERRACE","23","96.0000","42401","Sulfur dioxide","47900","Washington-Arlington-Alexandria, DC-VA-MD-WV","11","District Of Columbia","001","District of Columbia","38.895572","-76.958072"
"11/18/2016","AQS","110010041","1","2.7","ppb","3","RIVER TERRACE","24","100.0000","42401","Sulfur dioxide","47900","Washington-Arlington-Alexandria, DC-VA-MD-WV","11","District Of Columbia","001","District of Columbia","38.895572","-76.958072"
"11/19/2016","AQS","110010041","1","2.4","ppb","3","RIVER TERRACE","24","100.0000","42401","Sulfur dioxide","47900","Washington-Arlington-Alexandria, DC-VA-MD-WV","11","District Of Columbia","001","District of Columbia","38.895572","-76.958072"
"11/20/2016","AQS","110010041","1","2","ppb","3","RIVER TERRACE","24","100.0000","42401","Sulfur dioxide","47900","Washington-Arlington-Alexandria, DC-VA-MD-WV","11","District Of Columbia","001","District of Columbia","38.895572","-76.958072"
"11/21/2016","AQS","110010041","1","2.5","ppb","3","RIVER TERRACE","24","100.0000","42401","Sulfur dioxide","47900","Washington-Arlington-Alexandria, DC-VA-MD-WV","11","District Of Columbia","001","District of Columbia","38.895572","-76.958072"
"11/22/2016","AQS","110010041","1","2.7","ppb","3","RIVER TERRACE","24","100.0000","42401","Sulfur dioxide","47900","Washington-Arlington-Alexandria, DC-VA-MD-WV","11","District Of Columbia","001","District of Columbia","38.895572","-76.958072"
"11/23/2016","AQS","110010041","1","3.8","ppb","4","RIVER TERRACE","23","96.0000","42401","Sulfur dioxide","47900","Washington-Arlington-Alexandria, DC-VA-MD-WV","11","District Of Columbia","001","District of Columbia","38.895572","-76.958072"
"11/24/2016","AQS","110010041","1","2.1","ppb","3","RIVER TERRACE","24","100.0000","42401","Sulfur dioxide","47900","Washington-Arlington-Alexandria, DC-VA-MD-WV","11","District Of Columbia","001","District of Columbia","38.895572","-76.958072"
"11/25/2016","AQS","110010041","1","2.3","ppb","3","RIVER TERRACE","24","100.0000","42401","Sulfur dioxide","47900","Washington-Arlington-Alexandria, DC-VA-MD-WV","11","District Of Columbia","001","District of Columbia","38.895572","-76.958072"
"11/26/2016","AQS","110010041","1","2.7","ppb","3","RIVER TERRACE","24","100.0000","42401","Sulfur dioxide","47900","Washington-Arlington-Alexandria, DC-VA-MD-WV","11","District Of Columbia","001","District of Columbia","38.895572","-76.958072"
"11/27/2016","AQS","110010041","1","2.1","ppb","3","RIVER TERRACE","24","100.0000","42401","Sulfur dioxide","47900","Washington-Arlington-Alexandria, DC-VA-MD-WV","11","District Of Columbia","001","District of Columbia","38.895572","-76.958072"
"11/28/2016","AQS","110010041","1","2.4","ppb","3","RIVER TERRACE","24","100.0000","42401","Sulfur dioxide","47900","Washington-Arlington-Alexandria, DC-VA-MD-WV","11","District Of Columbia","001","District of Columbia","38.895572","-76.958072"
"11/29/2016","AQS","110010041","1","2.3","ppb","3","RIVER TERRACE","24","100.0000","42401","Sulfur dioxide","47900","Washington-Arlington-Alexandria, DC-VA-MD-WV","11","District Of Columbia","001","District of Columbia","38.895572","-76.958072"
"11/30/2016","AQS","110010041","1","2.4","ppb","3","RIVER TERRACE","22","92.0000","42401","Sulfur dioxide","47900","Washington-Arlington-Alexandria, DC-VA-MD-WV","11","District Of Columbia","001","District of Columbia","38.895572","-76.958072"
"12/01/2016","AQS","110010041","1","2.8","ppb","3","RIVER TERRACE","24","100.0000","42401","Sulfur dioxide","47900","Washington-Arlington-Alexandria, DC-VA-MD-WV","11","District Of Columbia","001","District of Columbia","38.895572","-76.958072"
"12/02/2016","AQS","110010041","1","2","ppb","3","RIVER TERRACE","24","100.0000","42401","Sulfur dioxide","47900","Washington-Arlington-Alexandria, DC-VA-MD-WV","11","District Of Columbia","001","District of Columbia","38.895572","-76.958072"
"12/03/2016","AQS","110010041","1","1.8","ppb","1","RIVER TERRACE","24","100.0000","42401","Sulfur dioxide","47900","Washington-Arlington-Alexandria, DC-VA-MD-WV","11","District Of Columbia","001","District of Columbia","38.895572","-76.958072"
"12/04/2016","AQS","110010041","1","2.2","ppb","3","RIVER TERRACE","24","100.0000","42401","Sulfur dioxide","47900","Washington-Arlington-Alexandria, DC-VA-MD-WV","11","District Of Columbia","001","District of Columbia","38.895572","-76.958072"
"12/05/2016","AQS","110010041","1","1.9","ppb","1","RIVER TERRACE","23","96.0000","42401","Sulfur dioxide","47900","Washington-Arlington-Alexandria, DC-VA-MD-WV","11","District Of Columbia","001","District of Columbia","38.895572","-76.958072"
"12/06/2016","AQS","110010041","1","1.9","ppb","1","RIVER TERRACE","24","100.0000","42401","Sulfur dioxide","47900","Washington-Arlington-Alexandria, DC-VA-MD-WV","11","District Of Columbia","001","District of Columbia","38.895572","-76.958072"
"12/07/2016","AQS","110010041","1","2","ppb","3","RIVER TERRACE","24","100.0000","42401","Sulfur dioxide","47900","Washington-Arlington-Alexandria, DC-VA-MD-WV","11","District Of Columbia","001","District of Columbia","38.895572","-76.958072"
"12/08/2016","AQS","110010041","1","2.4","ppb","3","RIVER TERRACE","24","100.0000","42401","Sulfur dioxide","47900","Washington-Arlington-Alexandria, DC-VA-MD-WV","11","District Of Columbia","001","District of Columbia","38.895572","-76.958072"
"12/09/2016","AQS","110010041","1","2.9","ppb","3","RIVER TERRACE","24","100.0000","42401","Sulfur dioxide","47900","Washington-Arlington-Alexandria, DC-VA-MD-WV","11","District Of Columbia","001","District of Columbia","38.895572","-76.958072"
"12/10/2016","AQS","110010041","1","2.5","ppb","3","RIVER TERRACE","24","100.0000","42401","Sulfur dioxide","47900","Washington-Arlington-Alexandria, DC-VA-MD-WV","11","District Of Columbia","001","District of Columbia","38.895572","-76.958072"
"12/11/2016","AQS","110010041","1","2.9","ppb","3","RIVER TERRACE","24","100.0000","42401","Sulfur dioxide","47900","Washington-Arlington-Alexandria, DC-VA-MD-WV","11","District Of Columbia","001","District of Columbia","38.895572","-76.958072"
"12/12/2016","AQS","110010041","1","2.3","ppb","3","RIVER TERRACE","23","96.0000","42401","Sulfur dioxide","47900","Washington-Arlington-Alexandria, DC-VA-MD-WV","11","District Of Columbia","001","District of Columbia","38.895572","-76.958072"
"12/13/2016","AQS","110010041","1","2","ppb","3","RIVER TERRACE","24","100.0000","42401","Sulfur dioxide","47900","Washington-Arlington-Alexandria, DC-VA-MD-WV","11","District Of Columbia","001","District of Columbia","38.895572","-76.958072"
"12/14/2016","AQS","110010041","1","2.4","ppb","3","RIVER TERRACE","24","100.0000","42401","Sulfur dioxide","47900","Washington-Arlington-Alexandria, DC-VA-MD-WV","11","District Of Columbia","001","District of Columbia","38.895572","-76.958072"
"12/15/2016","AQS","110010041","1","2","ppb","3","RIVER TERRACE","24","100.0000","42401","Sulfur dioxide","47900","Washington-Arlington-Alexandria, DC-VA-MD-WV","11","District Of Columbia","001","District of Columbia","38.895572","-76.958072"
"12/16/2016","AQS","110010041","1","2.7","ppb","3","RIVER TERRACE","24","100.0000","42401","Sulfur dioxide","47900","Washington-Arlington-Alexandria, DC-VA-MD-WV","11","District Of Columbia","001","District of Columbia","38.895572","-76.958072"
"12/17/2016","AQS","110010041","1","2.5","ppb","3","RIVER TERRACE","24","100.0000","42401","Sulfur dioxide","47900","Washington-Arlington-Alexandria, DC-VA-MD-WV","11","District Of Columbia","001","District of Columbia","38.895572","-76.958072"
"12/18/2016","AQS","110010041","1","1.9","ppb","1","RIVER TERRACE","24","100.0000","42401","Sulfur dioxide","47900","Washington-Arlington-Alexandria, DC-VA-MD-WV","11","District Of Columbia","001","District of Columbia","38.895572","-76.958072"
"12/19/2016","AQS","110010041","1","2","ppb","3","RIVER TERRACE","24","100.0000","42401","Sulfur dioxide","47900","Washington-Arlington-Alexandria, DC-VA-MD-WV","11","District Of Columbia","001","District of Columbia","38.895572","-76.958072"
"12/20/2016","AQS","110010041","1","3.2","ppb","4","RIVER TERRACE","24","100.0000","42401","Sulfur dioxide","47900","Washington-Arlington-Alexandria, DC-VA-MD-WV","11","District Of Columbia","001","District of Columbia","38.895572","-76.958072"
"12/21/2016","AQS","110010041","1","2.8","ppb","3","RIVER TERRACE","22","92.0000","42401","Sulfur dioxide","47900","Washington-Arlington-Alexandria, DC-VA-MD-WV","11","District Of Columbia","001","District of Columbia","38.895572","-76.958072"
"12/22/2016","AQS","110010041","1","3.7","ppb","4","RIVER TERRACE","24","100.0000","42401","Sulfur dioxide","47900","Washington-Arlington-Alexandria, DC-VA-MD-WV","11","District Of Columbia","001","District of Columbia","38.895572","-76.958072"
"12/23/2016","AQS","110010041","1","2.7","ppb","3","RIVER TERRACE","24","100.0000","42401","Sulfur dioxide","47900","Washington-Arlington-Alexandria, DC-VA-MD-WV","11","District Of Columbia","001","District of Columbia","38.895572","-76.958072"
"12/24/2016","AQS","110010041","1","2.6","ppb","3","RIVER TERRACE","24","100.0000","42401","Sulfur dioxide","47900","Washington-Arlington-Alexandria, DC-VA-MD-WV","11","District Of Columbia","001","District of Columbia","38.895572","-76.958072"
"12/25/2016","AQS","110010041","1","2.2","ppb","3","RIVER TERRACE","24","100.0000","42401","Sulfur dioxide","47900","Washington-Arlington-Alexandria, DC-VA-MD-WV","11","District Of Columbia","001","District of Columbia","38.895572","-76.958072"
"12/26/2016","AQS","110010041","1","2","ppb","3","RIVER TERRACE","24","100.0000","42401","Sulfur dioxide","47900","Washington-Arlington-Alexandria, DC-VA-MD-WV","11","District Of Columbia","001","District of Columbia","38.895572","-76.958072"
"12/27/2016","AQS","110010041","1","2.2","ppb","3","RIVER TERRACE","24","100.0000","42401","Sulfur dioxide","47900","Washington-Arlington-Alexandria, DC-VA-MD-WV","11","District Of Columbia","001","District of Columbia","38.895572","-76.958072"
"12/28/2016","AQS","110010041","1","2.7","ppb","3","RIVER TERRACE","23","96.0000","42401","Sulfur dioxide","47900","Washington-Arlington-Alexandria, DC-VA-MD-WV","11","District Of Columbia","001","District of Columbia","38.895572","-76.958072"
"12/29/2016","AQS","110010041","1","2","ppb","3","RIVER TERRACE","24","100.0000","42401","Sulfur dioxide","47900","Washington-Arlington-Alexandria, DC-VA-MD-WV","11","District Of Columbia","001","District of Columbia","38.895572","-76.958072"
"12/30/2016","AQS","110010041","1","2.1","ppb","3","RIVER TERRACE","24","100.0000","42401","Sulfur dioxide","47900","Washington-Arlington-Alexandria, DC-VA-MD-WV","11","District Of Columbia","001","District of Columbia","38.895572","-76.958072"
"12/31/2016","AQS","110010041","1","2.4","ppb","3","RIVER TERRACE","24","100.0000","42401","Sulfur dioxide","47900","Washington-Arlington-Alexandria, DC-VA-MD-WV","11","District Of Columbia","001","District of Columbia","38.895572","-76.958072"
"01/01/2016","AQS","110010043","2","1.2","ppb","1","MCMILLAN  NCore-PAMS","24","100.0000","42401","Sulfur dioxide","47900","Washington-Arlington-Alexandria, DC-VA-MD-WV","11","District Of Columbia","001","District of Columbia","38.9218470009224","-77.013178"
"01/02/2016","AQS","110010043","2","1.5","ppb","1","MCMILLAN  NCore-PAMS","24","100.0000","42401","Sulfur dioxide","47900","Washington-Arlington-Alexandria, DC-VA-MD-WV","11","District Of Columbia","001","District of Columbia","38.9218470009224","-77.013178"
"01/03/2016","AQS","110010043","2","2.1","ppb","3","MCMILLAN  NCore-PAMS","24","100.0000","42401","Sulfur dioxide","47900","Washington-Arlington-Alexandria, DC-VA-MD-WV","11","District Of Columbia","001","District of Columbia","38.9218470009224","-77.013178"
"01/04/2016","AQS","110010043","2","2","ppb","3","MCMILLAN  NCore-PAMS","24","100.0000","42401","Sulfur dioxide","47900","Washington-Arlington-Alexandria, DC-VA-MD-WV","11","District Of Columbia","001","District of Columbia","38.9218470009224","-77.013178"
"01/05/2016","AQS","110010043","2","2","ppb","3","MCMILLAN  NCore-PAMS","22","92.0000","42401","Sulfur dioxide","47900","Washington-Arlington-Alexandria, DC-VA-MD-WV","11","District Of Columbia","001","District of Columbia","38.9218470009224","-77.013178"
"01/06/2016","AQS","110010043","2","7.8","ppb","10","MCMILLAN  NCore-PAMS","24","100.0000","42401","Sulfur dioxide","47900","Washington-Arlington-Alexandria, DC-VA-MD-WV","11","District Of Columbia","001","District of Columbia","38.9218470009224","-77.013178"
"01/07/2016","AQS","110010043","2","5.8","ppb","7","MCMILLAN  NCore-PAMS","24","100.0000","42401","Sulfur dioxide","47900","Washington-Arlington-Alexandria, DC-VA-MD-WV","11","District Of Columbia","001","District of Columbia","38.9218470009224","-77.013178"
"01/08/2016","AQS","110010043","2","5.3","ppb","7","MCMILLAN  NCore-PAMS","24","100.0000","42401","Sulfur dioxide","47900","Washington-Arlington-Alexandria, DC-VA-MD-WV","11","District Of Columbia","001","District of Columbia","38.9218470009224","-77.013178"
"01/09/2016","AQS","110010043","2","3.1","ppb","4","MCMILLAN  NCore-PAMS","22","92.0000","42401","Sulfur dioxide","47900","Washington-Arlington-Alexandria, DC-VA-MD-WV","11","District Of Columbia","001","District of Columbia","38.9218470009224","-77.013178"
"01/10/2016","AQS","110010043","2","1","ppb","1","MCMILLAN  NCore-PAMS","24","100.0000","42401","Sulfur dioxide","47900","Washington-Arlington-Alexandria, DC-VA-MD-WV","11","District Of Columbia","001","District of Columbia","38.9218470009224","-77.013178"
"01/11/2016","AQS","110010043","2","1","ppb","1","MCMILLAN  NCore-PAMS","21","88.0000","42401","Sulfur dioxide","47900","Washington-Arlington-Alexandria, DC-VA-MD-WV","11","District Of Columbia","001","District of Columbia","38.9218470009224","-77.013178"
"01/12/2016","AQS","110010043","2","2","ppb","3","MCMILLAN  NCore-PAMS","24","100.0000","42401","Sulfur dioxide","47900","Washington-Arlington-Alexandria, DC-VA-MD-WV","11","District Of Columbia","001","District of Columbia","38.9218470009224","-77.013178"
"01/13/2016","AQS","110010043","2","1.9","ppb","1","MCMILLAN  NCore-PAMS","24","100.0000","42401","Sulfur dioxide","47900","Washington-Arlington-Alexandria, DC-VA-MD-WV","11","District Of Columbia","001","District of Columbia","38.9218470009224","-77.013178"
"01/14/2016","AQS","110010043","2","1.7","ppb","1","MCMILLAN  NCore-PAMS","24","100.0000","42401","Sulfur dioxide","47900","Washington-Arlington-Alexandria, DC-VA-MD-WV","11","District Of Columbia","001","District of Columbia","38.9218470009224","-77.013178"
"01/15/2016","AQS","110010043","2","3","ppb","4","MCMILLAN  NCore-PAMS","24","100.0000","42401","Sulfur dioxide","47900","Washington-Arlington-Alexandria, DC-VA-MD-WV","11","District Of Columbia","001","District of Columbia","38.9218470009224","-77.013178"
"01/16/2016","AQS","110010043","2","1.6","ppb","1","MCMILLAN  NCore-PAMS","24","100.0000","42401","Sulfur dioxide","47900","Washington-Arlington-Alexandria, DC-VA-MD-WV","11","District Of Columbia","001","District of Columbia","38.9218470009224","-77.013178"
"01/17/2016","AQS","110010043","2","0.9","ppb","0","MCMILLAN  NCore-PAMS","24","100.0000","42401","Sulfur dioxide","47900","Washington-Arlington-Alexandria, DC-VA-MD-WV","11","District Of Columbia","001","District of Columbia","38.9218470009224","-77.013178"
"01/18/2016","AQS","110010043","2","1.3","ppb","1","MCMILLAN  NCore-PAMS","24","100.0000","42401","Sulfur dioxide","47900","Washington-Arlington-Alexandria, DC-VA-MD-WV","11","District Of Columbia","001","District of Columbia","38.9218470009224","-77.013178"
"01/19/2016","AQS","110010043","2","2.5","ppb","3","MCMILLAN  NCore-PAMS","22","92.0000","42401","Sulfur dioxide","47900","Washington-Arlington-Alexandria, DC-VA-MD-WV","11","District Of Columbia","001","District of Columbia","38.9218470009224","-77.013178"
"01/20/2016","AQS","110010043","2","4.2","ppb","6","MCMILLAN  NCore-PAMS","24","100.0000","42401","Sulfur dioxide","47900","Washington-Arlington-Alexandria, DC-VA-MD-WV","11","District Of Columbia","001","District of Columbia","38.9218470009224","-77.013178"
"01/21/2016","AQS","110010043","2","6.1","ppb","9","MCMILLAN  NCore-PAMS","24","100.0000","42401","Sulfur dioxide","47900","Washington-Arlington-Alexandria, DC-VA-MD-WV","11","District Of Columbia","001","District of Columbia","38.9218470009224","-77.013178"
"01/22/2016","AQS","110010043","2","4","ppb","6","MCMILLAN  NCore-PAMS","24","100.0000","42401","Sulfur dioxide","47900","Washington-Arlington-Alexandria, DC-VA-MD-WV","11","District Of Columbia","001","District of Columbia","38.9218470009224","-77.013178"
"01/23/2016","AQS","110010043","2","1.5","ppb","1","MCMILLAN  NCore-PAMS","24","100.0000","42401","Sulfur dioxide","47900","Washington-Arlington-Alexandria, DC-VA-MD-WV","11","District Of Columbia","001","District of Columbia","38.9218470009224","-77.013178"
"01/24/2016","AQS","110010043","2","5","ppb","7","MCMILLAN  NCore-PAMS","24","100.0000","42401","Sulfur dioxide","47900","Washington-Arlington-Alexandria, DC-VA-MD-WV","11","District Of Columbia","001","District of Columbia","38.9218470009224","-77.013178"
"01/25/2016","AQS","110010043","2","5.9","ppb","7","MCMILLAN  NCore-PAMS","24","100.0000","42401","Sulfur dioxide","47900","Washington-Arlington-Alexandria, DC-VA-MD-WV","11","District Of Columbia","001","District of Columbia","38.9218470009224","-77.013178"
"01/26/2016","AQS","110010043","2","2.5","ppb","3","MCMILLAN  NCore-PAMS","24","100.0000","42401","Sulfur dioxide","47900","Washington-Arlington-Alexandria, DC-VA-MD-WV","11","District Of Columbia","001","District of Columbia","38.9218470009224","-77.013178"
"01/27/2016","AQS","110010043","2","1.9","ppb","1","MCMILLAN  NCore-PAMS","24","100.0000","42401","Sulfur dioxide","47900","Washington-Arlington-Alexandria, DC-VA-MD-WV","11","District Of Columbia","001","District of Columbia","38.9218470009224","-77.013178"
"01/28/2016","AQS","110010043","2","9.5","ppb","13","MCMILLAN  NCore-PAMS","22","92.0000","42401","Sulfur dioxide","47900","Washington-Arlington-Alexandria, DC-VA-MD-WV","11","District Of Columbia","001","District of Columbia","38.9218470009224","-77.013178"
"01/29/2016","AQS","110010043","2","2.7","ppb","3","MCMILLAN  NCore-PAMS","24","100.0000","42401","Sulfur dioxide","47900","Washington-Arlington-Alexandria, DC-VA-MD-WV","11","District Of Columbia","001","District of Columbia","38.9218470009224","-77.013178"
"01/30/2016","AQS","110010043","2","3.6","ppb","4","MCMILLAN  NCore-PAMS","24","100.0000","42401","Sulfur dioxide","47900","Washington-Arlington-Alexandria, DC-VA-MD-WV","11","District Of Columbia","001","District of Columbia","38.9218470009224","-77.013178"
"01/31/2016","AQS","110010043","2","1.8","ppb","1","MCMILLAN  NCore-PAMS","24","100.0000","42401","Sulfur dioxide","47900","Washington-Arlington-Alexandria, DC-VA-MD-WV","11","District Of Columbia","001","District of Columbia","38.9218470009224","-77.013178"
"02/01/2016","AQS","110010043","2","1.8","ppb","1","MCMILLAN  NCore-PAMS","24","100.0000","42401","Sulfur dioxide","47900","Washington-Arlington-Alexandria, DC-VA-MD-WV","11","District Of Columbia","001","District of Columbia","38.9218470009224","-77.013178"
"02/02/2016","AQS","110010043","2","1.7","ppb","1","MCMILLAN  NCore-PAMS","24","100.0000","42401","Sulfur dioxide","47900","Washington-Arlington-Alexandria, DC-VA-MD-WV","11","District Of Columbia","001","District of Columbia","38.9218470009224","-77.013178"
"02/03/2016","AQS","110010043","2","0.9","ppb","0","MCMILLAN  NCore-PAMS","22","92.0000","42401","Sulfur dioxide","47900","Washington-Arlington-Alexandria, DC-VA-MD-WV","11","District Of Columbia","001","District of Columbia","38.9218470009224","-77.013178"
"02/04/2016","AQS","110010043","2","3.4","ppb","4","MCMILLAN  NCore-PAMS","24","100.0000","42401","Sulfur dioxide","47900","Washington-Arlington-Alexandria, DC-VA-MD-WV","11","District Of Columbia","001","District of Columbia","38.9218470009224","-77.013178"
"02/05/2016","AQS","110010043","2","3.2","ppb","4","MCMILLAN  NCore-PAMS","24","100.0000","42401","Sulfur dioxide","47900","Washington-Arlington-Alexandria, DC-VA-MD-WV","11","District Of Columbia","001","District of Columbia","38.9218470009224","-77.013178"
"02/06/2016","AQS","110010043","2","4.2","ppb","6","MCMILLAN  NCore-PAMS","24","100.0000","42401","Sulfur dioxide","47900","Washington-Arlington-Alexandria, DC-VA-MD-WV","11","District Of Columbia","001","District of Columbia","38.9218470009224","-77.013178"
"02/07/2016","AQS","110010043","2","4.2","ppb","6","MCMILLAN  NCore-PAMS","24","100.0000","42401","Sulfur dioxide","47900","Washington-Arlington-Alexandria, DC-VA-MD-WV","11","District Of Columbia","001","District of Columbia","38.9218470009224","-77.013178"
"02/08/2016","AQS","110010043","2","3.8","ppb","4","MCMILLAN  NCore-PAMS","22","92.0000","42401","Sulfur dioxide","47900","Washington-Arlington-Alexandria, DC-VA-MD-WV","11","District Of Columbia","001","District of Columbia","38.9218470009224","-77.013178"
"02/09/2016","AQS","110010043","2","2","ppb","3","MCMILLAN  NCore-PAMS","24","100.0000","42401","Sulfur dioxide","47900","Washington-Arlington-Alexandria, DC-VA-MD-WV","11","District Of Columbia","001","District of Columbia","38.9218470009224","-77.013178"
"02/10/2016","AQS","110010043","2","1.5","ppb","1","MCMILLAN  NCore-PAMS","24","100.0000","42401","Sulfur dioxide","47900","Washington-Arlington-Alexandria, DC-VA-MD-WV","11","District Of Columbia","001","District of Columbia","38.9218470009224","-77.013178"
"02/11/2016","AQS","110010043","2","0.7","ppb","0","MCMILLAN  NCore-PAMS","24","100.0000","42401","Sulfur dioxide","47900","Washington-Arlington-Alexandria, DC-VA-MD-WV","11","District Of Columbia","001","District of Columbia","38.9218470009224","-77.013178"
"02/12/2016","AQS","110010043","2","3.9","ppb","4","MCMILLAN  NCore-PAMS","24","100.0000","42401","Sulfur dioxide","47900","Washington-Arlington-Alexandria, DC-VA-MD-WV","11","District Of Columbia","001","District of Columbia","38.9218470009224","-77.013178"
"02/13/2016","AQS","110010043","2","1.9","ppb","1","MCMILLAN  NCore-PAMS","24","100.0000","42401","Sulfur dioxide","47900","Washington-Arlington-Alexandria, DC-VA-MD-WV","11","District Of Columbia","001","District of Columbia","38.9218470009224","-77.013178"
"02/14/2016","AQS","110010043","2","3.8","ppb","4","MCMILLAN  NCore-PAMS","24","100.0000","42401","Sulfur dioxide","47900","Washington-Arlington-Alexandria, DC-VA-MD-WV","11","District Of Columbia","001","District of Columbia","38.9218470009224","-77.013178"
"02/15/2016","AQS","110010043","2","1.7","ppb","1","MCMILLAN  NCore-PAMS","24","100.0000","42401","Sulfur dioxide","47900","Washington-Arlington-Alexandria, DC-VA-MD-WV","11","District Of Columbia","001","District of Columbia","38.9218470009224","-77.013178"
"02/16/2016","AQS","110010043","2","2","ppb","3","MCMILLAN  NCore-PAMS","20","83.0000","42401","Sulfur dioxide","47900","Washington-Arlington-Alexandria, DC-VA-MD-WV","11","District Of Columbia","001","District of Columbia","38.9218470009224","-77.013178"
"02/17/2016","AQS","110010043","2","2.5","ppb","3","MCMILLAN  NCore-PAMS","23","96.0000","42401","Sulfur dioxide","47900","Washington-Arlington-Alexandria, DC-VA-MD-WV","11","District Of Columbia","001","District of Columbia","38.9218470009224","-77.013178"
"02/18/2016","AQS","110010043","2","2.1","ppb","3","MCMILLAN  NCore-PAMS","24","100.0000","42401","Sulfur dioxide","47900","Washington-Arlington-Alexandria, DC-VA-MD-WV","11","District Of Columbia","001","District of Columbia","38.9218470009224","-77.013178"
"02/19/2016","AQS","110010043","2","6.9","ppb","9","MCMILLAN  NCore-PAMS","24","100.0000","42401","Sulfur dioxide","47900","Washington-Arlington-Alexandria, DC-VA-MD-WV","11","District Of Columbia","001","District of Columbia","38.9218470009224","-77.013178"
"02/20/2016","AQS","110010043","2","1.3","ppb","1","MCMILLAN  NCore-PAMS","24","100.0000","42401","Sulfur dioxide","47900","Washington-Arlington-Alexandria, DC-VA-MD-WV","11","District Of Columbia","001","District of Columbia","38.9218470009224","-77.013178"
"02/21/2016","AQS","110010043","2","2.4","ppb","3","MCMILLAN  NCore-PAMS","24","100.0000","42401","Sulfur dioxide","47900","Washington-Arlington-Alexandria, DC-VA-MD-WV","11","District Of Columbia","001","District of Columbia","38.9218470009224","-77.013178"
"02/22/2016","AQS","110010043","2","1.3","ppb","1","MCMILLAN  NCore-PAMS","22","92.0000","42401","Sulfur dioxide","47900","Washington-Arlington-Alexandria, DC-VA-MD-WV","11","District Of Columbia","001","District of Columbia","38.9218470009224","-77.013178"
"02/23/2016","AQS","110010043","2","0.8","ppb","0","MCMILLAN  NCore-PAMS","24","100.0000","42401","Sulfur dioxide","47900","Washington-Arlington-Alexandria, DC-VA-MD-WV","11","District Of Columbia","001","District of Columbia","38.9218470009224","-77.013178"
"02/24/2016","AQS","110010043","2","2.6","ppb","3","MCMILLAN  NCore-PAMS","24","100.0000","42401","Sulfur dioxide","47900","Washington-Arlington-Alexandria, DC-VA-MD-WV","11","District Of Columbia","001","District of Columbia","38.9218470009224","-77.013178"
"02/25/2016","AQS","110010043","2","1.9","ppb","1","MCMILLAN  NCore-PAMS","24","100.0000","42401","Sulfur dioxide","47900","Washington-Arlington-Alexandria, DC-VA-MD-WV","11","District Of Columbia","001","District of Columbia","38.9218470009224","-77.013178"
"02/26/2016","AQS","110010043","2","1.2","ppb","1","MCMILLAN  NCore-PAMS","24","100.0000","42401","Sulfur dioxide","47900","Washington-Arlington-Alexandria, DC-VA-MD-WV","11","District Of Columbia","001","District of Columbia","38.9218470009224","-77.013178"
"02/27/2016","AQS","110010043","2","0.7","ppb","0","MCMILLAN  NCore-PAMS","24","100.0000","42401","Sulfur dioxide","47900","Washington-Arlington-Alexandria, DC-VA-MD-WV","11","District Of Columbia","001","District of Columbia","38.9218470009224","-77.013178"
"02/28/2016","AQS","110010043","2","1.5","ppb","1","MCMILLAN  NCore-PAMS","24","100.0000","42401","Sulfur dioxide","47900","Washington-Arlington-Alexandria, DC-VA-MD-WV","11","District Of Columbia","001","District of Columbia","38.9218470009224","-77.013178"
"02/29/2016","AQS","110010043","2","1.4","ppb","1","MCMILLAN  NCore-PAMS","22","92.0000","42401","Sulfur dioxide","47900","Washington-Arlington-Alexandria, DC-VA-MD-WV","11","District Of Columbia","001","District of Columbia","38.9218470009224","-77.013178"
"03/01/2016","AQS","110010043","2","6.1","ppb","9","MCMILLAN  NCore-PAMS","23","96.0000","42401","Sulfur dioxide","47900","Washington-Arlington-Alexandria, DC-VA-MD-WV","11","District Of Columbia","001","District of Columbia","38.9218470009224","-77.013178"
"03/02/2016","AQS","110010043","2","1","ppb","1","MCMILLAN  NCore-PAMS","24","100.0000","42401","Sulfur dioxide","47900","Washington-Arlington-Alexandria, DC-VA-MD-WV","11","District Of Columbia","001","District of Columbia","38.9218470009224","-77.013178"
"03/03/2016","AQS","110010043","2","2.6","ppb","3","MCMILLAN  NCore-PAMS","24","100.0000","42401","Sulfur dioxide","47900","Washington-Arlington-Alexandria, DC-VA-MD-WV","11","District Of Columbia","001","District of Columbia","38.9218470009224","-77.013178"
"03/04/2016","AQS","110010043","2","4","ppb","6","MCMILLAN  NCore-PAMS","24","100.0000","42401","Sulfur dioxide","47900","Washington-Arlington-Alexandria, DC-VA-MD-WV","11","District Of Columbia","001","District of Columbia","38.9218470009224","-77.013178"
"03/05/2016","AQS","110010043","2","2.9","ppb","3","MCMILLAN  NCore-PAMS","24","100.0000","42401","Sulfur dioxide","47900","Washington-Arlington-Alexandria, DC-VA-MD-WV","11","District Of Columbia","001","District of Columbia","38.9218470009224","-77.013178"
"03/06/2016","AQS","110010043","2","2.7","ppb","3","MCMILLAN  NCore-PAMS","24","100.0000","42401","Sulfur dioxide","47900","Washington-Arlington-Alexandria, DC-VA-MD-WV","11","District Of Columbia","001","District of Columbia","38.9218470009224","-77.013178"
"03/07/2016","AQS","110010043","2","3.5","ppb","4","MCMILLAN  NCore-PAMS","21","88.0000","42401","Sulfur dioxide","47900","Washington-Arlington-Alexandria, DC-VA-MD-WV","11","District Of Columbia","001","District of Columbia","38.9218470009224","-77.013178"
"03/08/2016","AQS","110010043","2","1.9","ppb","1","MCMILLAN  NCore-PAMS","21","88.0000","42401","Sulfur dioxide","47900","Washington-Arlington-Alexandria, DC-VA-MD-WV","11","District Of Columbia","001","District of Columbia","38.9218470009224","-77.013178"
"03/09/2016","AQS","110010043","2","2.3","ppb","3","MCMILLAN  NCore-PAMS","24","100.0000","42401","Sulfur dioxide","47900","Washington-Arlington-Alexandria, DC-VA-MD-WV","11","District Of Columbia","001","District of Columbia","38.9218470009224","-77.013178"
"03/10/2016","AQS","110010043","2","2.6","ppb","3","MCMILLAN  NCore-PAMS","23","96.0000","42401","Sulfur dioxide","47900","Washington-Arlington-Alexandria, DC-VA-MD-WV","11","District Of Columbia","001","District of Columbia","38.9218470009224","-77.013178"
"03/11/2016","AQS","110010043","2","1.5","ppb","1","MCMILLAN  NCore-PAMS","21","88.0000","42401","Sulfur dioxide","47900","Washington-Arlington-Alexandria, DC-VA-MD-WV","11","District Of Columbia","001","District of Columbia","38.9218470009224","-77.013178"
"03/12/2016","AQS","110010043","2","6.9","ppb","9","MCMILLAN  NCore-PAMS","24","100.0000","42401","Sulfur dioxide","47900","Washington-Arlington-Alexandria, DC-VA-MD-WV","11","District Of Columbia","001","District of Columbia","38.9218470009224","-77.013178"
"03/13/2016","AQS","110010043","2","8.1","ppb","11","MCMILLAN  NCore-PAMS","24","100.0000","42401","Sulfur dioxide","47900","Washington-Arlington-Alexandria, DC-VA-MD-WV","11","District Of Columbia","001","District of Columbia","38.9218470009224","-77.013178"
"03/14/2016","AQS","110010043","2","2.8","ppb","3","MCMILLAN  NCore-PAMS","24","100.0000","42401","Sulfur dioxide","47900","Washington-Arlington-Alexandria, DC-VA-MD-WV","11","District Of Columbia","001","District of Columbia","38.9218470009224","-77.013178"
"03/15/2016","AQS","110010043","2","1.8","ppb","1","MCMILLAN  NCore-PAMS","22","92.0000","42401","Sulfur dioxide","47900","Washington-Arlington-Alexandria, DC-VA-MD-WV","11","District Of Columbia","001","District of Columbia","38.9218470009224","-77.013178"
"03/16/2016","AQS","110010043","2","3.6","ppb","4","MCMILLAN  NCore-PAMS","20","83.0000","42401","Sulfur dioxide","47900","Washington-Arlington-Alexandria, DC-VA-MD-WV","11","District Of Columbia","001","District of Columbia","38.9218470009224","-77.013178"
"03/17/2016","AQS","110010043","2","3.1","ppb","4","MCMILLAN  NCore-PAMS","24","100.0000","42401","Sulfur dioxide","47900","Washington-Arlington-Alexandria, DC-VA-MD-WV","11","District Of Columbia","001","District of Columbia","38.9218470009224","-77.013178"
"03/18/2016","AQS","110010043","2","2.9","ppb","3","MCMILLAN  NCore-PAMS","24","100.0000","42401","Sulfur dioxide","47900","Washington-Arlington-Alexandria, DC-VA-MD-WV","11","District Of Columbia","001","District of Columbia","38.9218470009224","-77.013178"
"03/19/2016","AQS","110010043","2","3.1","ppb","4","MCMILLAN  NCore-PAMS","24","100.0000","42401","Sulfur dioxide","47900","Washington-Arlington-Alexandria, DC-VA-MD-WV","11","District Of Columbia","001","District of Columbia","38.9218470009224","-77.013178"
"03/20/2016","AQS","110010043","2","3.2","ppb","4","MCMILLAN  NCore-PAMS","24","100.0000","42401","Sulfur dioxide","47900","Washington-Arlington-Alexandria, DC-VA-MD-WV","11","District Of Columbia","001","District of Columbia","38.9218470009224","-77.013178"
"03/21/2016","AQS","110010043","2","2.5","ppb","3","MCMILLAN  NCore-PAMS","24","100.0000","42401","Sulfur dioxide","47900","Washington-Arlington-Alexandria, DC-VA-MD-WV","11","District Of Columbia","001","District of Columbia","38.9218470009224","-77.013178"
"03/22/2016","AQS","110010043","2","6.2","ppb","9","MCMILLAN  NCore-PAMS","24","100.0000","42401","Sulfur dioxide","47900","Washington-Arlington-Alexandria, DC-VA-MD-WV","11","District Of Columbia","001","District of Columbia","38.9218470009224","-77.013178"
"03/23/2016","AQS","110010043","2","1.9","ppb","1","MCMILLAN  NCore-PAMS","24","100.0000","42401","Sulfur dioxide","47900","Washington-Arlington-Alexandria, DC-VA-MD-WV","11","District Of Columbia","001","District of Columbia","38.9218470009224","-77.013178"
"03/24/2016","AQS","110010043","2","1.7","ppb","1","MCMILLAN  NCore-PAMS","24","100.0000","42401","Sulfur dioxide","47900","Washington-Arlington-Alexandria, DC-VA-MD-WV","11","District Of Columbia","001","District of Columbia","38.9218470009224","-77.013178"
"03/25/2016","AQS","110010043","2","0.9","ppb","0","MCMILLAN  NCore-PAMS","24","100.0000","42401","Sulfur dioxide","47900","Washington-Arlington-Alexandria, DC-VA-MD-WV","11","District Of Columbia","001","District of Columbia","38.9218470009224","-77.013178"
"03/26/2016","AQS","110010043","2","1.1","ppb","1","MCMILLAN  NCore-PAMS","24","100.0000","42401","Sulfur dioxide","47900","Washington-Arlington-Alexandria, DC-VA-MD-WV","11","District Of Columbia","001","District of Columbia","38.9218470009224","-77.013178"
"03/27/2016","AQS","110010043","2","0.9","ppb","0","MCMILLAN  NCore-PAMS","24","100.0000","42401","Sulfur dioxide","47900","Washington-Arlington-Alexandria, DC-VA-MD-WV","11","District Of Columbia","001","District of Columbia","38.9218470009224","-77.013178"
"03/28/2016","AQS","110010043","2","0.8","ppb","0","MCMILLAN  NCore-PAMS","22","92.0000","42401","Sulfur dioxide","47900","Washington-Arlington-Alexandria, DC-VA-MD-WV","11","District Of Columbia","001","District of Columbia","38.9218470009224","-77.013178"
"03/29/2016","AQS","110010043","2","2.2","ppb","3","MCMILLAN  NCore-PAMS","22","92.0000","42401","Sulfur dioxide","47900","Washington-Arlington-Alexandria, DC-VA-MD-WV","11","District Of Columbia","001","District of Columbia","38.9218470009224","-77.013178"
"03/30/2016","AQS","110010043","2","2.2","ppb","3","MCMILLAN  NCore-PAMS","24","100.0000","42401","Sulfur dioxide","47900","Washington-Arlington-Alexandria, DC-VA-MD-WV","11","District Of Columbia","001","District of Columbia","38.9218470009224","-77.013178"
"03/31/2016","AQS","110010043","2","1.7","ppb","1","MCMILLAN  NCore-PAMS","24","100.0000","42401","Sulfur dioxide","47900","Washington-Arlington-Alexandria, DC-VA-MD-WV","11","District Of Columbia","001","District of Columbia","38.9218470009224","-77.013178"
"04/01/2016","AQS","110010043","2","1.3","ppb","1","MCMILLAN  NCore-PAMS","24","100.0000","42401","Sulfur dioxide","47900","Washington-Arlington-Alexandria, DC-VA-MD-WV","11","District Of Columbia","001","District of Columbia","38.9218470009224","-77.013178"
"04/02/2016","AQS","110010043","2","1.5","ppb","1","MCMILLAN  NCore-PAMS","24","100.0000","42401","Sulfur dioxide","47900","Washington-Arlington-Alexandria, DC-VA-MD-WV","11","District Of Columbia","001","District of Columbia","38.9218470009224","-77.013178"
"04/03/2016","AQS","110010043","2","0.7","ppb","0","MCMILLAN  NCore-PAMS","24","100.0000","42401","Sulfur dioxide","47900","Washington-Arlington-Alexandria, DC-VA-MD-WV","11","District Of Columbia","001","District of Columbia","38.9218470009224","-77.013178"
"04/06/2016","AQS","110010043","2","1.3","ppb","1","MCMILLAN  NCore-PAMS","24","100.0000","42401","Sulfur dioxide","47900","Washington-Arlington-Alexandria, DC-VA-MD-WV","11","District Of Columbia","001","District of Columbia","38.9218470009224","-77.013178"
"04/07/2016","AQS","110010043","2","0.6","ppb","0","MCMILLAN  NCore-PAMS","24","100.0000","42401","Sulfur dioxide","47900","Washington-Arlington-Alexandria, DC-VA-MD-WV","11","District Of Columbia","001","District of Columbia","38.9218470009224","-77.013178"
"04/08/2016","AQS","110010043","2","1.5","ppb","1","MCMILLAN  NCore-PAMS","24","100.0000","42401","Sulfur dioxide","47900","Washington-Arlington-Alexandria, DC-VA-MD-WV","11","District Of Columbia","001","District of Columbia","38.9218470009224","-77.013178"
"04/09/2016","AQS","110010043","2","1.4","ppb","1","MCMILLAN  NCore-PAMS","24","100.0000","42401","Sulfur dioxide","47900","Washington-Arlington-Alexandria, DC-VA-MD-WV","11","District Of Columbia","001","District of Columbia","38.9218470009224","-77.013178"
"04/10/2016","AQS","110010043","2","3.4","ppb","4","MCMILLAN  NCore-PAMS","24","100.0000","42401","Sulfur dioxide","47900","Washington-Arlington-Alexandria, DC-VA-MD-WV","11","District Of Columbia","001","District of Columbia","38.9218470009224","-77.013178"
"04/11/2016","AQS","110010043","2","0.8","ppb","0","MCMILLAN  NCore-PAMS","22","92.0000","42401","Sulfur dioxide","47900","Washington-Arlington-Alexandria, DC-VA-MD-WV","11","District Of Columbia","001","District of Columbia","38.9218470009224","-77.013178"
"04/12/2016","AQS","110010043","2","1.6","ppb","1","MCMILLAN  NCore-PAMS","24","100.0000","42401","Sulfur dioxide","47900","Washington-Arlington-Alexandria, DC-VA-MD-WV","11","District Of Columbia","001","District of Columbia","38.9218470009224","-77.013178"
"04/13/2016","AQS","110010043","2","1","ppb","1","MCMILLAN  NCore-PAMS","24","100.0000","42401","Sulfur dioxide","47900","Washington-Arlington-Alexandria, DC-VA-MD-WV","11","District Of Columbia","001","District of Columbia","38.9218470009224","-77.013178"
"04/14/2016","AQS","110010043","2","4.2","ppb","6","MCMILLAN  NCore-PAMS","24","100.0000","42401","Sulfur dioxide","47900","Washington-Arlington-Alexandria, DC-VA-MD-WV","11","District Of Columbia","001","District of Columbia","38.9218470009224","-77.013178"
"04/15/2016","AQS","110010043","2","1","ppb","1","MCMILLAN  NCore-PAMS","24","100.0000","42401","Sulfur dioxide","47900","Washington-Arlington-Alexandria, DC-VA-MD-WV","11","District Of Columbia","001","District of Columbia","38.9218470009224","-77.013178"
"04/16/2016","AQS","110010043","2","1.5","ppb","1","MCMILLAN  NCore-PAMS","24","100.0000","42401","Sulfur dioxide","47900","Washington-Arlington-Alexandria, DC-VA-MD-WV","11","District Of Columbia","001","District of Columbia","38.9218470009224","-77.013178"
"04/17/2016","AQS","110010043","2","1.3","ppb","1","MCMILLAN  NCore-PAMS","24","100.0000","42401","Sulfur dioxide","47900","Washington-Arlington-Alexandria, DC-VA-MD-WV","11","District Of Columbia","001","District of Columbia","38.9218470009224","-77.013178"
"04/18/2016","AQS","110010043","2","1.6","ppb","1","MCMILLAN  NCore-PAMS","21","88.0000","42401","Sulfur dioxide","47900","Washington-Arlington-Alexandria, DC-VA-MD-WV","11","District Of Columbia","001","District of Columbia","38.9218470009224","-77.013178"
"04/19/2016","AQS","110010043","2","2.3","ppb","3","MCMILLAN  NCore-PAMS","24","100.0000","42401","Sulfur dioxide","47900","Washington-Arlington-Alexandria, DC-VA-MD-WV","11","District Of Columbia","001","District of Columbia","38.9218470009224","-77.013178"
"04/20/2016","AQS","110010043","2","1.3","ppb","1","MCMILLAN  NCore-PAMS","24","100.0000","42401","Sulfur dioxide","47900","Washington-Arlington-Alexandria, DC-VA-MD-WV","11","District Of Columbia","001","District of Columbia","38.9218470009224","-77.013178"
"04/21/2016","AQS","110010043","2","2.2","ppb","3","MCMILLAN  NCore-PAMS","24","100.0000","42401","Sulfur dioxide","47900","Washington-Arlington-Alexandria, DC-VA-MD-WV","11","District Of Columbia","001","District of Columbia","38.9218470009224","-77.013178"
"04/22/2016","AQS","110010043","2","1","ppb","1","MCMILLAN  NCore-PAMS","24","100.0000","42401","Sulfur dioxide","47900","Washington-Arlington-Alexandria, DC-VA-MD-WV","11","District Of Columbia","001","District of Columbia","38.9218470009224","-77.013178"
"04/23/2016","AQS","110010043","2","1.2","ppb","1","MCMILLAN  NCore-PAMS","24","100.0000","42401","Sulfur dioxide","47900","Washington-Arlington-Alexandria, DC-VA-MD-WV","11","District Of Columbia","001","District of Columbia","38.9218470009224","-77.013178"
"04/24/2016","AQS","110010043","2","1.7","ppb","1","MCMILLAN  NCore-PAMS","24","100.0000","42401","Sulfur dioxide","47900","Washington-Arlington-Alexandria, DC-VA-MD-WV","11","District Of Columbia","001","District of Columbia","38.9218470009224","-77.013178"
"04/25/2016","AQS","110010043","2","1.6","ppb","1","MCMILLAN  NCore-PAMS","21","88.0000","42401","Sulfur dioxide","47900","Washington-Arlington-Alexandria, DC-VA-MD-WV","11","District Of Columbia","001","District of Columbia","38.9218470009224","-77.013178"
"04/26/2016","AQS","110010043","2","0.9","ppb","0","MCMILLAN  NCore-PAMS","24","100.0000","42401","Sulfur dioxide","47900","Washington-Arlington-Alexandria, DC-VA-MD-WV","11","District Of Columbia","001","District of Columbia","38.9218470009224","-77.013178"
"04/27/2016","AQS","110010043","2","1.6","ppb","1","MCMILLAN  NCore-PAMS","19","79.0000","42401","Sulfur dioxide","47900","Washington-Arlington-Alexandria, DC-VA-MD-WV","11","District Of Columbia","001","District of Columbia","38.9218470009224","-77.013178"
"04/28/2016","AQS","110010043","2","0.5","ppb","0","MCMILLAN  NCore-PAMS","21","88.0000","42401","Sulfur dioxide","47900","Washington-Arlington-Alexandria, DC-VA-MD-WV","11","District Of Columbia","001","District of Columbia","38.9218470009224","-77.013178"
"04/29/2016","AQS","110010043","2","2.1","ppb","3","MCMILLAN  NCore-PAMS","24","100.0000","42401","Sulfur dioxide","47900","Washington-Arlington-Alexandria, DC-VA-MD-WV","11","District Of Columbia","001","District of Columbia","38.9218470009224","-77.013178"
"04/30/2016","AQS","110010043","2","1.4","ppb","1","MCMILLAN  NCore-PAMS","24","100.0000","42401","Sulfur dioxide","47900","Washington-Arlington-Alexandria, DC-VA-MD-WV","11","District Of Columbia","001","District of Columbia","38.9218470009224","-77.013178"
"05/01/2016","AQS","110010043","2","0.7","ppb","0","MCMILLAN  NCore-PAMS","24","100.0000","42401","Sulfur dioxide","47900","Washington-Arlington-Alexandria, DC-VA-MD-WV","11","District Of Columbia","001","District of Columbia","38.9218470009224","-77.013178"
"05/02/2016","AQS","110010043","2","1.4","ppb","1","MCMILLAN  NCore-PAMS","22","92.0000","42401","Sulfur dioxide","47900","Washington-Arlington-Alexandria, DC-VA-MD-WV","11","District Of Columbia","001","District of Columbia","38.9218470009224","-77.013178"
"05/03/2016","AQS","110010043","2","2.3","ppb","3","MCMILLAN  NCore-PAMS","24","100.0000","42401","Sulfur dioxide","47900","Washington-Arlington-Alexandria, DC-VA-MD-WV","11","District Of Columbia","001","District of Columbia","38.9218470009224","-77.013178"
"05/04/2016","AQS","110010043","2","1.8","ppb","1","MCMILLAN  NCore-PAMS","24","100.0000","42401","Sulfur dioxide","47900","Washington-Arlington-Alexandria, DC-VA-MD-WV","11","District Of Columbia","001","District of Columbia","38.9218470009224","-77.013178"
"05/05/2016","AQS","110010043","2","1.2","ppb","1","MCMILLAN  NCore-PAMS","24","100.0000","42401","Sulfur dioxide","47900","Washington-Arlington-Alexandria, DC-VA-MD-WV","11","District Of Columbia","001","District of Columbia","38.9218470009224","-77.013178"
"05/06/2016","AQS","110010043","2","1","ppb","1","MCMILLAN  NCore-PAMS","24","100.0000","42401","Sulfur dioxide","47900","Washington-Arlington-Alexandria, DC-VA-MD-WV","11","District Of Columbia","001","District of Columbia","38.9218470009224","-77.013178"
"05/07/2016","AQS","110010043","2","1.4","ppb","1","MCMILLAN  NCore-PAMS","24","100.0000","42401","Sulfur dioxide","47900","Washington-Arlington-Alexandria, DC-VA-MD-WV","11","District Of Columbia","001","District of Columbia","38.9218470009224","-77.013178"
"05/08/2016","AQS","110010043","2","1.1","ppb","1","MCMILLAN  NCore-PAMS","24","100.0000","42401","Sulfur dioxide","47900","Washington-Arlington-Alexandria, DC-VA-MD-WV","11","District Of Columbia","001","District of Columbia","38.9218470009224","-77.013178"
"05/09/2016","AQS","110010043","2","2.1","ppb","3","MCMILLAN  NCore-PAMS","19","79.0000","42401","Sulfur dioxide","47900","Washington-Arlington-Alexandria, DC-VA-MD-WV","11","District Of Columbia","001","District of Columbia","38.9218470009224","-77.013178"
"05/10/2016","AQS","110010043","2","0.9","ppb","0","MCMILLAN  NCore-PAMS","22","92.0000","42401","Sulfur dioxide","47900","Washington-Arlington-Alexandria, DC-VA-MD-WV","11","District Of Columbia","001","District of Columbia","38.9218470009224","-77.013178"
"05/11/2016","AQS","110010043","2","0.9","ppb","0","MCMILLAN  NCore-PAMS","24","100.0000","42401","Sulfur dioxide","47900","Washington-Arlington-Alexandria, DC-VA-MD-WV","11","District Of Columbia","001","District of Columbia","38.9218470009224","-77.013178"
"05/12/2016","AQS","110010043","2","1.1","ppb","1","MCMILLAN  NCore-PAMS","24","100.0000","42401","Sulfur dioxide","47900","Washington-Arlington-Alexandria, DC-VA-MD-WV","11","District Of Columbia","001","District of Columbia","38.9218470009224","-77.013178"
"05/13/2016","AQS","110010043","2","0.7","ppb","0","MCMILLAN  NCore-PAMS","24","100.0000","42401","Sulfur dioxide","47900","Washington-Arlington-Alexandria, DC-VA-MD-WV","11","District Of Columbia","001","District of Columbia","38.9218470009224","-77.013178"
"05/14/2016","AQS","110010043","2","1","ppb","1","MCMILLAN  NCore-PAMS","24","100.0000","42401","Sulfur dioxide","47900","Washington-Arlington-Alexandria, DC-VA-MD-WV","11","District Of Columbia","001","District of Columbia","38.9218470009224","-77.013178"
"05/15/2016","AQS","110010043","2","1.5","ppb","1","MCMILLAN  NCore-PAMS","24","100.0000","42401","Sulfur dioxide","47900","Washington-Arlington-Alexandria, DC-VA-MD-WV","11","District Of Columbia","001","District of Columbia","38.9218470009224","-77.013178"
"05/16/2016","AQS","110010043","2","1","ppb","1","MCMILLAN  NCore-PAMS","22","92.0000","42401","Sulfur dioxide","47900","Washington-Arlington-Alexandria, DC-VA-MD-WV","11","District Of Columbia","001","District of Columbia","38.9218470009224","-77.013178"
"05/17/2016","AQS","110010043","2","1.5","ppb","1","MCMILLAN  NCore-PAMS","24","100.0000","42401","Sulfur dioxide","47900","Washington-Arlington-Alexandria, DC-VA-MD-WV","11","District Of Columbia","001","District of Columbia","38.9218470009224","-77.013178"
"05/18/2016","AQS","110010043","2","2.1","ppb","3","MCMILLAN  NCore-PAMS","24","100.0000","42401","Sulfur dioxide","47900","Washington-Arlington-Alexandria, DC-VA-MD-WV","11","District Of Columbia","001","District of Columbia","38.9218470009224","-77.013178"
"05/19/2016","AQS","110010043","2","1.5","ppb","1","MCMILLAN  NCore-PAMS","24","100.0000","42401","Sulfur dioxide","47900","Washington-Arlington-Alexandria, DC-VA-MD-WV","11","District Of Columbia","001","District of Columbia","38.9218470009224","-77.013178"
"05/20/2016","AQS","110010043","2","1.6","ppb","1","MCMILLAN  NCore-PAMS","24","100.0000","42401","Sulfur dioxide","47900","Washington-Arlington-Alexandria, DC-VA-MD-WV","11","District Of Columbia","001","District of Columbia","38.9218470009224","-77.013178"
"05/21/2016","AQS","110010043","2","0.5","ppb","0","MCMILLAN  NCore-PAMS","24","100.0000","42401","Sulfur dioxide","47900","Washington-Arlington-Alexandria, DC-VA-MD-WV","11","District Of Columbia","001","District of Columbia","38.9218470009224","-77.013178"
"05/22/2016","AQS","110010043","2","1.3","ppb","1","MCMILLAN  NCore-PAMS","24","100.0000","42401","Sulfur dioxide","47900","Washington-Arlington-Alexandria, DC-VA-MD-WV","11","District Of Columbia","001","District of Columbia","38.9218470009224","-77.013178"
"05/25/2016","AQS","110010043","2","1.4","ppb","1","MCMILLAN  NCore-PAMS","24","100.0000","42401","Sulfur dioxide","47900","Washington-Arlington-Alexandria, DC-VA-MD-WV","11","District Of Columbia","001","District of Columbia","38.9218470009224","-77.013178"
"05/26/2016","AQS","110010043","2","2.6","ppb","3","MCMILLAN  NCore-PAMS","23","96.0000","42401","Sulfur dioxide","47900","Washington-Arlington-Alexandria, DC-VA-MD-WV","11","District Of Columbia","001","District of Columbia","38.9218470009224","-77.013178"
"05/27/2016","AQS","110010043","2","1.6","ppb","1","MCMILLAN  NCore-PAMS","24","100.0000","42401","Sulfur dioxide","47900","Washington-Arlington-Alexandria, DC-VA-MD-WV","11","District Of Columbia","001","District of Columbia","38.9218470009224","-77.013178"
"05/28/2016","AQS","110010043","2","1.1","ppb","1","MCMILLAN  NCore-PAMS","24","100.0000","42401","Sulfur dioxide","47900","Washington-Arlington-Alexandria, DC-VA-MD-WV","11","District Of Columbia","001","District of Columbia","38.9218470009224","-77.013178"
"05/29/2016","AQS","110010043","2","0.9","ppb","0","MCMILLAN  NCore-PAMS","24","100.0000","42401","Sulfur dioxide","47900","Washington-Arlington-Alexandria, DC-VA-MD-WV","11","District Of Columbia","001","District of Columbia","38.9218470009224","-77.013178"
"05/30/2016","AQS","110010043","2","1.3","ppb","1","MCMILLAN  NCore-PAMS","24","100.0000","42401","Sulfur dioxide","47900","Washington-Arlington-Alexandria, DC-VA-MD-WV","11","District Of Columbia","001","District of Columbia","38.9218470009224","-77.013178"
"05/31/2016","AQS","110010043","2","1.4","ppb","1","MCMILLAN  NCore-PAMS","22","92.0000","42401","Sulfur dioxide","47900","Washington-Arlington-Alexandria, DC-VA-MD-WV","11","District Of Columbia","001","District of Columbia","38.9218470009224","-77.013178"
"06/01/2016","AQS","110010043","2","1.8","ppb","1","MCMILLAN  NCore-PAMS","24","100.0000","42401","Sulfur dioxide","47900","Washington-Arlington-Alexandria, DC-VA-MD-WV","11","District Of Columbia","001","District of Columbia","38.9218470009224","-77.013178"
"06/02/2016","AQS","110010043","2","1.1","ppb","1","MCMILLAN  NCore-PAMS","23","96.0000","42401","Sulfur dioxide","47900","Washington-Arlington-Alexandria, DC-VA-MD-WV","11","District Of Columbia","001","District of Columbia","38.9218470009224","-77.013178"
"06/03/2016","AQS","110010043","2","0.8","ppb","0","MCMILLAN  NCore-PAMS","24","100.0000","42401","Sulfur dioxide","47900","Washington-Arlington-Alexandria, DC-VA-MD-WV","11","District Of Columbia","001","District of Columbia","38.9218470009224","-77.013178"
"06/04/2016","AQS","110010043","2","2.9","ppb","3","MCMILLAN  NCore-PAMS","24","100.0000","42401","Sulfur dioxide","47900","Washington-Arlington-Alexandria, DC-VA-MD-WV","11","District Of Columbia","001","District of Columbia","38.9218470009224","-77.013178"
"06/05/2016","AQS","110010043","2","1.4","ppb","1","MCMILLAN  NCore-PAMS","24","100.0000","42401","Sulfur dioxide","47900","Washington-Arlington-Alexandria, DC-VA-MD-WV","11","District Of Columbia","001","District of Columbia","38.9218470009224","-77.013178"
"06/06/2016","AQS","110010043","2","0.6","ppb","0","MCMILLAN  NCore-PAMS","24","100.0000","42401","Sulfur dioxide","47900","Washington-Arlington-Alexandria, DC-VA-MD-WV","11","District Of Columbia","001","District of Columbia","38.9218470009224","-77.013178"
"06/07/2016","AQS","110010043","2","1.2","ppb","1","MCMILLAN  NCore-PAMS","22","92.0000","42401","Sulfur dioxide","47900","Washington-Arlington-Alexandria, DC-VA-MD-WV","11","District Of Columbia","001","District of Columbia","38.9218470009224","-77.013178"
"06/10/2016","AQS","110010043","2","1.4","ppb","1","MCMILLAN  NCore-PAMS","24","100.0000","42401","Sulfur dioxide","47900","Washington-Arlington-Alexandria, DC-VA-MD-WV","11","District Of Columbia","001","District of Columbia","38.9218470009224","-77.013178"
"06/11/2016","AQS","110010043","2","2","ppb","3","MCMILLAN  NCore-PAMS","24","100.0000","42401","Sulfur dioxide","47900","Washington-Arlington-Alexandria, DC-VA-MD-WV","11","District Of Columbia","001","District of Columbia","38.9218470009224","-77.013178"
"06/12/2016","AQS","110010043","2","2.3","ppb","3","MCMILLAN  NCore-PAMS","24","100.0000","42401","Sulfur dioxide","47900","Washington-Arlington-Alexandria, DC-VA-MD-WV","11","District Of Columbia","001","District of Columbia","38.9218470009224","-77.013178"
"06/13/2016","AQS","110010043","2","1.2","ppb","1","MCMILLAN  NCore-PAMS","23","96.0000","42401","Sulfur dioxide","47900","Washington-Arlington-Alexandria, DC-VA-MD-WV","11","District Of Columbia","001","District of Columbia","38.9218470009224","-77.013178"
"06/14/2016","AQS","110010043","2","3.2","ppb","4","MCMILLAN  NCore-PAMS","20","83.0000","42401","Sulfur dioxide","47900","Washington-Arlington-Alexandria, DC-VA-MD-WV","11","District Of Columbia","001","District of Columbia","38.9218470009224","-77.013178"
"06/15/2016","AQS","110010043","2","1.9","ppb","1","MCMILLAN  NCore-PAMS","18","75.0000","42401","Sulfur dioxide","47900","Washington-Arlington-Alexandria, DC-VA-MD-WV","11","District Of Columbia","001","District of Columbia","38.9218470009224","-77.013178"
"06/16/2016","AQS","110010043","2","2.3","ppb","3","MCMILLAN  NCore-PAMS","24","100.0000","42401","Sulfur dioxide","47900","Washington-Arlington-Alexandria, DC-VA-MD-WV","11","District Of Columbia","001","District of Columbia","38.9218470009224","-77.013178"
"06/17/2016","AQS","110010043","2","2","ppb","3","MCMILLAN  NCore-PAMS","24","100.0000","42401","Sulfur dioxide","47900","Washington-Arlington-Alexandria, DC-VA-MD-WV","11","District Of Columbia","001","District of Columbia","38.9218470009224","-77.013178"
"06/18/2016","AQS","110010043","2","1.8","ppb","1","MCMILLAN  NCore-PAMS","24","100.0000","42401","Sulfur dioxide","47900","Washington-Arlington-Alexandria, DC-VA-MD-WV","11","District Of Columbia","001","District of Columbia","38.9218470009224","-77.013178"
"06/19/2016","AQS","110010043","2","0.9","ppb","0","MCMILLAN  NCore-PAMS","24","100.0000","42401","Sulfur dioxide","47900","Washington-Arlington-Alexandria, DC-VA-MD-WV","11","District Of Columbia","001","District of Columbia","38.9218470009224","-77.013178"
"06/20/2016","AQS","110010043","2","1.1","ppb","1","MCMILLAN  NCore-PAMS","22","92.0000","42401","Sulfur dioxide","47900","Washington-Arlington-Alexandria, DC-VA-MD-WV","11","District Of Columbia","001","District of Columbia","38.9218470009224","-77.013178"
"06/21/2016","AQS","110010043","2","0.8","ppb","0","MCMILLAN  NCore-PAMS","24","100.0000","42401","Sulfur dioxide","47900","Washington-Arlington-Alexandria, DC-VA-MD-WV","11","District Of Columbia","001","District of Columbia","38.9218470009224","-77.013178"
"06/22/2016","AQS","110010043","2","1.7","ppb","1","MCMILLAN  NCore-PAMS","24","100.0000","42401","Sulfur dioxide","47900","Washington-Arlington-Alexandria, DC-VA-MD-WV","11","District Of Columbia","001","District of Columbia","38.9218470009224","-77.013178"
"06/23/2016","AQS","110010043","2","0.9","ppb","0","MCMILLAN  NCore-PAMS","24","100.0000","42401","Sulfur dioxide","47900","Washington-Arlington-Alexandria, DC-VA-MD-WV","11","District Of Columbia","001","District of Columbia","38.9218470009224","-77.013178"
"06/24/2016","AQS","110010043","2","2.9","ppb","3","MCMILLAN  NCore-PAMS","24","100.0000","42401","Sulfur dioxide","47900","Washington-Arlington-Alexandria, DC-VA-MD-WV","11","District Of Columbia","001","District of Columbia","38.9218470009224","-77.013178"
"06/25/2016","AQS","110010043","2","2.4","ppb","3","MCMILLAN  NCore-PAMS","24","100.0000","42401","Sulfur dioxide","47900","Washington-Arlington-Alexandria, DC-VA-MD-WV","11","District Of Columbia","001","District of Columbia","38.9218470009224","-77.013178"
"06/26/2016","AQS","110010043","2","2.1","ppb","3","MCMILLAN  NCore-PAMS","24","100.0000","42401","Sulfur dioxide","47900","Washington-Arlington-Alexandria, DC-VA-MD-WV","11","District Of Columbia","001","District of Columbia","38.9218470009224","-77.013178"
"06/27/2016","AQS","110010043","2","1.5","ppb","1","MCMILLAN  NCore-PAMS","22","92.0000","42401","Sulfur dioxide","47900","Washington-Arlington-Alexandria, DC-VA-MD-WV","11","District Of Columbia","001","District of Columbia","38.9218470009224","-77.013178"
"06/28/2016","AQS","110010043","2","1.1","ppb","1","MCMILLAN  NCore-PAMS","22","92.0000","42401","Sulfur dioxide","47900","Washington-Arlington-Alexandria, DC-VA-MD-WV","11","District Of Columbia","001","District of Columbia","38.9218470009224","-77.013178"
"06/29/2016","AQS","110010043","2","1.3","ppb","1","MCMILLAN  NCore-PAMS","24","100.0000","42401","Sulfur dioxide","47900","Washington-Arlington-Alexandria, DC-VA-MD-WV","11","District Of Columbia","001","District of Columbia","38.9218470009224","-77.013178"
"06/30/2016","AQS","110010043","2","1.3","ppb","1","MCMILLAN  NCore-PAMS","24","100.0000","42401","Sulfur dioxide","47900","Washington-Arlington-Alexandria, DC-VA-MD-WV","11","District Of Columbia","001","District of Columbia","38.9218470009224","-77.013178"
"07/01/2016","AQS","110010043","2","2.2","ppb","3","MCMILLAN  NCore-PAMS","24","100.0000","42401","Sulfur dioxide","47900","Washington-Arlington-Alexandria, DC-VA-MD-WV","11","District Of Columbia","001","District of Columbia","38.9218470009224","-77.013178"
"07/02/2016","AQS","110010043","2","0.9","ppb","0","MCMILLAN  NCore-PAMS","24","100.0000","42401","Sulfur dioxide","47900","Washington-Arlington-Alexandria, DC-VA-MD-WV","11","District Of Columbia","001","District of Columbia","38.9218470009224","-77.013178"
"07/03/2016","AQS","110010043","2","1.1","ppb","1","MCMILLAN  NCore-PAMS","24","100.0000","42401","Sulfur dioxide","47900","Washington-Arlington-Alexandria, DC-VA-MD-WV","11","District Of Columbia","001","District of Columbia","38.9218470009224","-77.013178"
"07/04/2016","AQS","110010043","2","1.7","ppb","1","MCMILLAN  NCore-PAMS","24","100.0000","42401","Sulfur dioxide","47900","Washington-Arlington-Alexandria, DC-VA-MD-WV","11","District Of Columbia","001","District of Columbia","38.9218470009224","-77.013178"
"07/05/2016","AQS","110010043","2","2.2","ppb","3","MCMILLAN  NCore-PAMS","22","92.0000","42401","Sulfur dioxide","47900","Washington-Arlington-Alexandria, DC-VA-MD-WV","11","District Of Columbia","001","District of Columbia","38.9218470009224","-77.013178"
"07/06/2016","AQS","110010043","2","3.2","ppb","4","MCMILLAN  NCore-PAMS","24","100.0000","42401","Sulfur dioxide","47900","Washington-Arlington-Alexandria, DC-VA-MD-WV","11","District Of Columbia","001","District of Columbia","38.9218470009224","-77.013178"
"07/07/2016","AQS","110010043","2","1.8","ppb","1","MCMILLAN  NCore-PAMS","24","100.0000","42401","Sulfur dioxide","47900","Washington-Arlington-Alexandria, DC-VA-MD-WV","11","District Of Columbia","001","District of Columbia","38.9218470009224","-77.013178"
"07/08/2016","AQS","110010043","2","1.7","ppb","1","MCMILLAN  NCore-PAMS","24","100.0000","42401","Sulfur dioxide","47900","Washington-Arlington-Alexandria, DC-VA-MD-WV","11","District Of Columbia","001","District of Columbia","38.9218470009224","-77.013178"
"07/09/2016","AQS","110010043","2","1.2","ppb","1","MCMILLAN  NCore-PAMS","24","100.0000","42401","Sulfur dioxide","47900","Washington-Arlington-Alexandria, DC-VA-MD-WV","11","District Of Columbia","001","District of Columbia","38.9218470009224","-77.013178"
"07/10/2016","AQS","110010043","2","1.2","ppb","1","MCMILLAN  NCore-PAMS","24","100.0000","42401","Sulfur dioxide","47900","Washington-Arlington-Alexandria, DC-VA-MD-WV","11","District Of Columbia","001","District of Columbia","38.9218470009224","-77.013178"
"07/11/2016","AQS","110010043","2","2.5","ppb","3","MCMILLAN  NCore-PAMS","23","96.0000","42401","Sulfur dioxide","47900","Washington-Arlington-Alexandria, DC-VA-MD-WV","11","District Of Columbia","001","District of Columbia","38.9218470009224","-77.013178"
"07/12/2016","AQS","110010043","2","1.7","ppb","1","MCMILLAN  NCore-PAMS","24","100.0000","42401","Sulfur dioxide","47900","Washington-Arlington-Alexandria, DC-VA-MD-WV","11","District Of Columbia","001","District of Columbia","38.9218470009224","-77.013178"
"07/13/2016","AQS","110010043","2","0.7","ppb","0","MCMILLAN  NCore-PAMS","23","96.0000","42401","Sulfur dioxide","47900","Washington-Arlington-Alexandria, DC-VA-MD-WV","11","District Of Columbia","001","District of Columbia","38.9218470009224","-77.013178"
"07/14/2016","AQS","110010043","2","1.5","ppb","1","MCMILLAN  NCore-PAMS","24","100.0000","42401","Sulfur dioxide","47900","Washington-Arlington-Alexandria, DC-VA-MD-WV","11","District Of Columbia","001","District of Columbia","38.9218470009224","-77.013178"
"07/15/2016","AQS","110010043","2","1.6","ppb","1","MCMILLAN  NCore-PAMS","24","100.0000","42401","Sulfur dioxide","47900","Washington-Arlington-Alexandria, DC-VA-MD-WV","11","District Of Columbia","001","District of Columbia","38.9218470009224","-77.013178"
"07/16/2016","AQS","110010043","2","1.1","ppb","1","MCMILLAN  NCore-PAMS","24","100.0000","42401","Sulfur dioxide","47900","Washington-Arlington-Alexandria, DC-VA-MD-WV","11","District Of Columbia","001","District of Columbia","38.9218470009224","-77.013178"
"07/17/2016","AQS","110010043","2","0.4","ppb","0","MCMILLAN  NCore-PAMS","24","100.0000","42401","Sulfur dioxide","47900","Washington-Arlington-Alexandria, DC-VA-MD-WV","11","District Of Columbia","001","District of Columbia","38.9218470009224","-77.013178"
"07/18/2016","AQS","110010043","2","1.3","ppb","1","MCMILLAN  NCore-PAMS","22","92.0000","42401","Sulfur dioxide","47900","Washington-Arlington-Alexandria, DC-VA-MD-WV","11","District Of Columbia","001","District of Columbia","38.9218470009224","-77.013178"
"07/19/2016","AQS","110010043","2","2.1","ppb","3","MCMILLAN  NCore-PAMS","24","100.0000","42401","Sulfur dioxide","47900","Washington-Arlington-Alexandria, DC-VA-MD-WV","11","District Of Columbia","001","District of Columbia","38.9218470009224","-77.013178"
"07/20/2016","AQS","110010043","2","1.4","ppb","1","MCMILLAN  NCore-PAMS","24","100.0000","42401","Sulfur dioxide","47900","Washington-Arlington-Alexandria, DC-VA-MD-WV","11","District Of Columbia","001","District of Columbia","38.9218470009224","-77.013178"
"07/21/2016","AQS","110010043","2","1.4","ppb","1","MCMILLAN  NCore-PAMS","24","100.0000","42401","Sulfur dioxide","47900","Washington-Arlington-Alexandria, DC-VA-MD-WV","11","District Of Columbia","001","District of Columbia","38.9218470009224","-77.013178"
"07/22/2016","AQS","110010043","2","1.8","ppb","1","MCMILLAN  NCore-PAMS","24","100.0000","42401","Sulfur dioxide","47900","Washington-Arlington-Alexandria, DC-VA-MD-WV","11","District Of Columbia","001","District of Columbia","38.9218470009224","-77.013178"
"07/23/2016","AQS","110010043","2","1.4","ppb","1","MCMILLAN  NCore-PAMS","24","100.0000","42401","Sulfur dioxide","47900","Washington-Arlington-Alexandria, DC-VA-MD-WV","11","District Of Columbia","001","District of Columbia","38.9218470009224","-77.013178"
"07/24/2016","AQS","110010043","2","3.9","ppb","4","MCMILLAN  NCore-PAMS","24","100.0000","42401","Sulfur dioxide","47900","Washington-Arlington-Alexandria, DC-VA-MD-WV","11","District Of Columbia","001","District of Columbia","38.9218470009224","-77.013178"
"07/25/2016","AQS","110010043","2","2.2","ppb","3","MCMILLAN  NCore-PAMS","22","92.0000","42401","Sulfur dioxide","47900","Washington-Arlington-Alexandria, DC-VA-MD-WV","11","District Of Columbia","001","District of Columbia","38.9218470009224","-77.013178"
"07/26/2016","AQS","110010043","2","1.8","ppb","1","MCMILLAN  NCore-PAMS","24","100.0000","42401","Sulfur dioxide","47900","Washington-Arlington-Alexandria, DC-VA-MD-WV","11","District Of Columbia","001","District of Columbia","38.9218470009224","-77.013178"
"07/27/2016","AQS","110010043","2","1.2","ppb","1","MCMILLAN  NCore-PAMS","24","100.0000","42401","Sulfur dioxide","47900","Washington-Arlington-Alexandria, DC-VA-MD-WV","11","District Of Columbia","001","District of Columbia","38.9218470009224","-77.013178"
"07/28/2016","AQS","110010043","2","1.6","ppb","1","MCMILLAN  NCore-PAMS","24","100.0000","42401","Sulfur dioxide","47900","Washington-Arlington-Alexandria, DC-VA-MD-WV","11","District Of Columbia","001","District of Columbia","38.9218470009224","-77.013178"
"07/29/2016","AQS","110010043","2","0.5","ppb","0","MCMILLAN  NCore-PAMS","22","92.0000","42401","Sulfur dioxide","47900","Washington-Arlington-Alexandria, DC-VA-MD-WV","11","District Of Columbia","001","District of Columbia","38.9218470009224","-77.013178"
"07/30/2016","AQS","110010043","2","1.3","ppb","1","MCMILLAN  NCore-PAMS","24","100.0000","42401","Sulfur dioxide","47900","Washington-Arlington-Alexandria, DC-VA-MD-WV","11","District Of Columbia","001","District of Columbia","38.9218470009224","-77.013178"
"07/31/2016","AQS","110010043","2","0.6","ppb","0","MCMILLAN  NCore-PAMS","24","100.0000","42401","Sulfur dioxide","47900","Washington-Arlington-Alexandria, DC-VA-MD-WV","11","District Of Columbia","001","District of Columbia","38.9218470009224","-77.013178"
"08/01/2016","AQS","110010043","2","0.8","ppb","0","MCMILLAN  NCore-PAMS","21","88.0000","42401","Sulfur dioxide","47900","Washington-Arlington-Alexandria, DC-VA-MD-WV","11","District Of Columbia","001","District of Columbia","38.9218470009224","-77.013178"
"08/02/2016","AQS","110010043","2","1.8","ppb","1","MCMILLAN  NCore-PAMS","24","100.0000","42401","Sulfur dioxide","47900","Washington-Arlington-Alexandria, DC-VA-MD-WV","11","District Of Columbia","001","District of Columbia","38.9218470009224","-77.013178"
"08/03/2016","AQS","110010043","2","0.8","ppb","0","MCMILLAN  NCore-PAMS","24","100.0000","42401","Sulfur dioxide","47900","Washington-Arlington-Alexandria, DC-VA-MD-WV","11","District Of Columbia","001","District of Columbia","38.9218470009224","-77.013178"
"08/04/2016","AQS","110010043","2","1.4","ppb","1","MCMILLAN  NCore-PAMS","24","100.0000","42401","Sulfur dioxide","47900","Washington-Arlington-Alexandria, DC-VA-MD-WV","11","District Of Columbia","001","District of Columbia","38.9218470009224","-77.013178"
"08/05/2016","AQS","110010043","2","2.5","ppb","3","MCMILLAN  NCore-PAMS","24","100.0000","42401","Sulfur dioxide","47900","Washington-Arlington-Alexandria, DC-VA-MD-WV","11","District Of Columbia","001","District of Columbia","38.9218470009224","-77.013178"
"08/06/2016","AQS","110010043","2","0.7","ppb","0","MCMILLAN  NCore-PAMS","24","100.0000","42401","Sulfur dioxide","47900","Washington-Arlington-Alexandria, DC-VA-MD-WV","11","District Of Columbia","001","District of Columbia","38.9218470009224","-77.013178"
"08/07/2016","AQS","110010043","2","1.3","ppb","1","MCMILLAN  NCore-PAMS","24","100.0000","42401","Sulfur dioxide","47900","Washington-Arlington-Alexandria, DC-VA-MD-WV","11","District Of Columbia","001","District of Columbia","38.9218470009224","-77.013178"
"08/08/2016","AQS","110010043","2","1.2","ppb","1","MCMILLAN  NCore-PAMS","23","96.0000","42401","Sulfur dioxide","47900","Washington-Arlington-Alexandria, DC-VA-MD-WV","11","District Of Columbia","001","District of Columbia","38.9218470009224","-77.013178"
"08/09/2016","AQS","110010043","2","4.7","ppb","6","MCMILLAN  NCore-PAMS","24","100.0000","42401","Sulfur dioxide","47900","Washington-Arlington-Alexandria, DC-VA-MD-WV","11","District Of Columbia","001","District of Columbia","38.9218470009224","-77.013178"
"08/10/2016","AQS","110010043","2","1.1","ppb","1","MCMILLAN  NCore-PAMS","24","100.0000","42401","Sulfur dioxide","47900","Washington-Arlington-Alexandria, DC-VA-MD-WV","11","District Of Columbia","001","District of Columbia","38.9218470009224","-77.013178"
"08/11/2016","AQS","110010043","2","1.8","ppb","1","MCMILLAN  NCore-PAMS","24","100.0000","42401","Sulfur dioxide","47900","Washington-Arlington-Alexandria, DC-VA-MD-WV","11","District Of Columbia","001","District of Columbia","38.9218470009224","-77.013178"
"08/12/2016","AQS","110010043","2","2.4","ppb","3","MCMILLAN  NCore-PAMS","24","100.0000","42401","Sulfur dioxide","47900","Washington-Arlington-Alexandria, DC-VA-MD-WV","11","District Of Columbia","001","District of Columbia","38.9218470009224","-77.013178"
"08/13/2016","AQS","110010043","2","1","ppb","1","MCMILLAN  NCore-PAMS","23","96.0000","42401","Sulfur dioxide","47900","Washington-Arlington-Alexandria, DC-VA-MD-WV","11","District Of Columbia","001","District of Columbia","38.9218470009224","-77.013178"
"08/14/2016","AQS","110010043","2","1","ppb","1","MCMILLAN  NCore-PAMS","24","100.0000","42401","Sulfur dioxide","47900","Washington-Arlington-Alexandria, DC-VA-MD-WV","11","District Of Columbia","001","District of Columbia","38.9218470009224","-77.013178"
"08/15/2016","AQS","110010043","2","1.1","ppb","1","MCMILLAN  NCore-PAMS","21","88.0000","42401","Sulfur dioxide","47900","Washington-Arlington-Alexandria, DC-VA-MD-WV","11","District Of Columbia","001","District of Columbia","38.9218470009224","-77.013178"
"08/16/2016","AQS","110010043","2","7.7","ppb","10","MCMILLAN  NCore-PAMS","24","100.0000","42401","Sulfur dioxide","47900","Washington-Arlington-Alexandria, DC-VA-MD-WV","11","District Of Columbia","001","District of Columbia","38.9218470009224","-77.013178"
"08/17/2016","AQS","110010043","2","1.1","ppb","1","MCMILLAN  NCore-PAMS","24","100.0000","42401","Sulfur dioxide","47900","Washington-Arlington-Alexandria, DC-VA-MD-WV","11","District Of Columbia","001","District of Columbia","38.9218470009224","-77.013178"
"08/18/2016","AQS","110010043","2","0.8","ppb","0","MCMILLAN  NCore-PAMS","24","100.0000","42401","Sulfur dioxide","47900","Washington-Arlington-Alexandria, DC-VA-MD-WV","11","District Of Columbia","001","District of Columbia","38.9218470009224","-77.013178"
"08/19/2016","AQS","110010043","2","0.9","ppb","0","MCMILLAN  NCore-PAMS","24","100.0000","42401","Sulfur dioxide","47900","Washington-Arlington-Alexandria, DC-VA-MD-WV","11","District Of Columbia","001","District of Columbia","38.9218470009224","-77.013178"
"08/20/2016","AQS","110010043","2","1.9","ppb","1","MCMILLAN  NCore-PAMS","24","100.0000","42401","Sulfur dioxide","47900","Washington-Arlington-Alexandria, DC-VA-MD-WV","11","District Of Columbia","001","District of Columbia","38.9218470009224","-77.013178"
"08/21/2016","AQS","110010043","2","1.4","ppb","1","MCMILLAN  NCore-PAMS","24","100.0000","42401","Sulfur dioxide","47900","Washington-Arlington-Alexandria, DC-VA-MD-WV","11","District Of Columbia","001","District of Columbia","38.9218470009224","-77.013178"
"08/22/2016","AQS","110010043","2","1.1","ppb","1","MCMILLAN  NCore-PAMS","21","88.0000","42401","Sulfur dioxide","47900","Washington-Arlington-Alexandria, DC-VA-MD-WV","11","District Of Columbia","001","District of Columbia","38.9218470009224","-77.013178"
"08/23/2016","AQS","110010043","2","1.4","ppb","1","MCMILLAN  NCore-PAMS","24","100.0000","42401","Sulfur dioxide","47900","Washington-Arlington-Alexandria, DC-VA-MD-WV","11","District Of Columbia","001","District of Columbia","38.9218470009224","-77.013178"
"08/24/2016","AQS","110010043","2","1","ppb","1","MCMILLAN  NCore-PAMS","24","100.0000","42401","Sulfur dioxide","47900","Washington-Arlington-Alexandria, DC-VA-MD-WV","11","District Of Columbia","001","District of Columbia","38.9218470009224","-77.013178"
"08/25/2016","AQS","110010043","2","1.7","ppb","1","MCMILLAN  NCore-PAMS","24","100.0000","42401","Sulfur dioxide","47900","Washington-Arlington-Alexandria, DC-VA-MD-WV","11","District Of Columbia","001","District of Columbia","38.9218470009224","-77.013178"
"08/26/2016","AQS","110010043","2","0.9","ppb","0","MCMILLAN  NCore-PAMS","24","100.0000","42401","Sulfur dioxide","47900","Washington-Arlington-Alexandria, DC-VA-MD-WV","11","District Of Columbia","001","District of Columbia","38.9218470009224","-77.013178"
"08/27/2016","AQS","110010043","2","1.5","ppb","1","MCMILLAN  NCore-PAMS","24","100.0000","42401","Sulfur dioxide","47900","Washington-Arlington-Alexandria, DC-VA-MD-WV","11","District Of Columbia","001","District of Columbia","38.9218470009224","-77.013178"
"08/28/2016","AQS","110010043","2","1.7","ppb","1","MCMILLAN  NCore-PAMS","24","100.0000","42401","Sulfur dioxide","47900","Washington-Arlington-Alexandria, DC-VA-MD-WV","11","District Of Columbia","001","District of Columbia","38.9218470009224","-77.013178"
"08/29/2016","AQS","110010043","2","1.4","ppb","1","MCMILLAN  NCore-PAMS","23","96.0000","42401","Sulfur dioxide","47900","Washington-Arlington-Alexandria, DC-VA-MD-WV","11","District Of Columbia","001","District of Columbia","38.9218470009224","-77.013178"
"08/30/2016","AQS","110010043","2","4","ppb","6","MCMILLAN  NCore-PAMS","24","100.0000","42401","Sulfur dioxide","47900","Washington-Arlington-Alexandria, DC-VA-MD-WV","11","District Of Columbia","001","District of Columbia","38.9218470009224","-77.013178"
"08/31/2016","AQS","110010043","2","2.2","ppb","3","MCMILLAN  NCore-PAMS","24","100.0000","42401","Sulfur dioxide","47900","Washington-Arlington-Alexandria, DC-VA-MD-WV","11","District Of Columbia","001","District of Columbia","38.9218470009224","-77.013178"
"09/01/2016","AQS","110010043","2","0.9","ppb","0","MCMILLAN  NCore-PAMS","24","100.0000","42401","Sulfur dioxide","47900","Washington-Arlington-Alexandria, DC-VA-MD-WV","11","District Of Columbia","001","District of Columbia","38.9218470009224","-77.013178"
"09/02/2016","AQS","110010043","2","3.1","ppb","4","MCMILLAN  NCore-PAMS","24","100.0000","42401","Sulfur dioxide","47900","Washington-Arlington-Alexandria, DC-VA-MD-WV","11","District Of Columbia","001","District of Columbia","38.9218470009224","-77.013178"
"09/03/2016","AQS","110010043","2","0.9","ppb","0","MCMILLAN  NCore-PAMS","24","100.0000","42401","Sulfur dioxide","47900","Washington-Arlington-Alexandria, DC-VA-MD-WV","11","District Of Columbia","001","District of Columbia","38.9218470009224","-77.013178"
"09/04/2016","AQS","110010043","2","0.5","ppb","0","MCMILLAN  NCore-PAMS","24","100.0000","42401","Sulfur dioxide","47900","Washington-Arlington-Alexandria, DC-VA-MD-WV","11","District Of Columbia","001","District of Columbia","38.9218470009224","-77.013178"
"09/05/2016","AQS","110010043","2","1.4","ppb","1","MCMILLAN  NCore-PAMS","24","100.0000","42401","Sulfur dioxide","47900","Washington-Arlington-Alexandria, DC-VA-MD-WV","11","District Of Columbia","001","District of Columbia","38.9218470009224","-77.013178"
"09/06/2016","AQS","110010043","2","1","ppb","1","MCMILLAN  NCore-PAMS","22","92.0000","42401","Sulfur dioxide","47900","Washington-Arlington-Alexandria, DC-VA-MD-WV","11","District Of Columbia","001","District of Columbia","38.9218470009224","-77.013178"
"09/07/2016","AQS","110010043","2","2.5","ppb","3","MCMILLAN  NCore-PAMS","24","100.0000","42401","Sulfur dioxide","47900","Washington-Arlington-Alexandria, DC-VA-MD-WV","11","District Of Columbia","001","District of Columbia","38.9218470009224","-77.013178"
"09/08/2016","AQS","110010043","2","1.9","ppb","1","MCMILLAN  NCore-PAMS","20","83.0000","42401","Sulfur dioxide","47900","Washington-Arlington-Alexandria, DC-VA-MD-WV","11","District Of Columbia","001","District of Columbia","38.9218470009224","-77.013178"
"09/09/2016","AQS","110010043","2","0.9","ppb","0","MCMILLAN  NCore-PAMS","24","100.0000","42401","Sulfur dioxide","47900","Washington-Arlington-Alexandria, DC-VA-MD-WV","11","District Of Columbia","001","District of Columbia","38.9218470009224","-77.013178"
"09/10/2016","AQS","110010043","2","1.5","ppb","1","MCMILLAN  NCore-PAMS","24","100.0000","42401","Sulfur dioxide","47900","Washington-Arlington-Alexandria, DC-VA-MD-WV","11","District Of Columbia","001","District of Columbia","38.9218470009224","-77.013178"
"09/11/2016","AQS","110010043","2","1","ppb","1","MCMILLAN  NCore-PAMS","24","100.0000","42401","Sulfur dioxide","47900","Washington-Arlington-Alexandria, DC-VA-MD-WV","11","District Of Columbia","001","District of Columbia","38.9218470009224","-77.013178"
"09/16/2016","AQS","110010043","2","1.8","ppb","1","MCMILLAN  NCore-PAMS","24","100.0000","42401","Sulfur dioxide","47900","Washington-Arlington-Alexandria, DC-VA-MD-WV","11","District Of Columbia","001","District of Columbia","38.9218470009224","-77.013178"
"09/17/2016","AQS","110010043","2","1.3","ppb","1","MCMILLAN  NCore-PAMS","24","100.0000","42401","Sulfur dioxide","47900","Washington-Arlington-Alexandria, DC-VA-MD-WV","11","District Of Columbia","001","District of Columbia","38.9218470009224","-77.013178"
"09/18/2016","AQS","110010043","2","2.3","ppb","3","MCMILLAN  NCore-PAMS","21","88.0000","42401","Sulfur dioxide","47900","Washington-Arlington-Alexandria, DC-VA-MD-WV","11","District Of Columbia","001","District of Columbia","38.9218470009224","-77.013178"
"09/19/2016","AQS","110010043","2","1.4","ppb","1","MCMILLAN  NCore-PAMS","24","100.0000","42401","Sulfur dioxide","47900","Washington-Arlington-Alexandria, DC-VA-MD-WV","11","District Of Columbia","001","District of Columbia","38.9218470009224","-77.013178"
"09/20/2016","AQS","110010043","2","6.8","ppb","9","MCMILLAN  NCore-PAMS","22","92.0000","42401","Sulfur dioxide","47900","Washington-Arlington-Alexandria, DC-VA-MD-WV","11","District Of Columbia","001","District of Columbia","38.9218470009224","-77.013178"
"09/21/2016","AQS","110010043","2","11","ppb","16","MCMILLAN  NCore-PAMS","24","100.0000","42401","Sulfur dioxide","47900","Washington-Arlington-Alexandria, DC-VA-MD-WV","11","District Of Columbia","001","District of Columbia","38.9218470009224","-77.013178"
"09/22/2016","AQS","110010043","2","6.4","ppb","9","MCMILLAN  NCore-PAMS","24","100.0000","42401","Sulfur dioxide","47900","Washington-Arlington-Alexandria, DC-VA-MD-WV","11","District Of Columbia","001","District of Columbia","38.9218470009224","-77.013178"
"09/23/2016","AQS","110010043","2","1.8","ppb","1","MCMILLAN  NCore-PAMS","24","100.0000","42401","Sulfur dioxide","47900","Washington-Arlington-Alexandria, DC-VA-MD-WV","11","District Of Columbia","001","District of Columbia","38.9218470009224","-77.013178"
"09/24/2016","AQS","110010043","2","3","ppb","4","MCMILLAN  NCore-PAMS","24","100.0000","42401","Sulfur dioxide","47900","Washington-Arlington-Alexandria, DC-VA-MD-WV","11","District Of Columbia","001","District of Columbia","38.9218470009224","-77.013178"
"09/25/2016","AQS","110010043","2","1.5","ppb","1","MCMILLAN  NCore-PAMS","24","100.0000","42401","Sulfur dioxide","47900","Washington-Arlington-Alexandria, DC-VA-MD-WV","11","District Of Columbia","001","District of Columbia","38.9218470009224","-77.013178"
"09/26/2016","AQS","110010043","2","1.2","ppb","1","MCMILLAN  NCore-PAMS","23","96.0000","42401","Sulfur dioxide","47900","Washington-Arlington-Alexandria, DC-VA-MD-WV","11","District Of Columbia","001","District of Columbia","38.9218470009224","-77.013178"
"09/27/2016","AQS","110010043","2","1.2","ppb","1","MCMILLAN  NCore-PAMS","24","100.0000","42401","Sulfur dioxide","47900","Washington-Arlington-Alexandria, DC-VA-MD-WV","11","District Of Columbia","001","District of Columbia","38.9218470009224","-77.013178"
"09/28/2016","AQS","110010043","2","0.8","ppb","0","MCMILLAN  NCore-PAMS","24","100.0000","42401","Sulfur dioxide","47900","Washington-Arlington-Alexandria, DC-VA-MD-WV","11","District Of Columbia","001","District of Columbia","38.9218470009224","-77.013178"
"09/29/2016","AQS","110010043","2","1.4","ppb","1","MCMILLAN  NCore-PAMS","24","100.0000","42401","Sulfur dioxide","47900","Washington-Arlington-Alexandria, DC-VA-MD-WV","11","District Of Columbia","001","District of Columbia","38.9218470009224","-77.013178"
"09/30/2016","AQS","110010043","2","1.4","ppb","1","MCMILLAN  NCore-PAMS","24","100.0000","42401","Sulfur dioxide","47900","Washington-Arlington-Alexandria, DC-VA-MD-WV","11","District Of Columbia","001","District of Columbia","38.9218470009224","-77.013178"
"10/01/2016","AQS","110010043","2","1.3","ppb","1","MCMILLAN  NCore-PAMS","24","100.0000","42401","Sulfur dioxide","47900","Washington-Arlington-Alexandria, DC-VA-MD-WV","11","District Of Columbia","001","District of Columbia","38.9218470009224","-77.013178"
"10/02/2016","AQS","110010043","2","1.1","ppb","1","MCMILLAN  NCore-PAMS","24","100.0000","42401","Sulfur dioxide","47900","Washington-Arlington-Alexandria, DC-VA-MD-WV","11","District Of Columbia","001","District of Columbia","38.9218470009224","-77.013178"
"10/03/2016","AQS","110010043","2","1.6","ppb","1","MCMILLAN  NCore-PAMS","24","100.0000","42401","Sulfur dioxide","47900","Washington-Arlington-Alexandria, DC-VA-MD-WV","11","District Of Columbia","001","District of Columbia","38.9218470009224","-77.013178"
"10/04/2016","AQS","110010043","2","3.7","ppb","4","MCMILLAN  NCore-PAMS","24","100.0000","42401","Sulfur dioxide","47900","Washington-Arlington-Alexandria, DC-VA-MD-WV","11","District Of Columbia","001","District of Columbia","38.9218470009224","-77.013178"
"10/05/2016","AQS","110010043","2","2.6","ppb","3","MCMILLAN  NCore-PAMS","24","100.0000","42401","Sulfur dioxide","47900","Washington-Arlington-Alexandria, DC-VA-MD-WV","11","District Of Columbia","001","District of Columbia","38.9218470009224","-77.013178"
"10/06/2016","AQS","110010043","2","5.4","ppb","7","MCMILLAN  NCore-PAMS","23","96.0000","42401","Sulfur dioxide","47900","Washington-Arlington-Alexandria, DC-VA-MD-WV","11","District Of Columbia","001","District of Columbia","38.9218470009224","-77.013178"
"10/07/2016","AQS","110010043","2","1.5","ppb","1","MCMILLAN  NCore-PAMS","24","100.0000","42401","Sulfur dioxide","47900","Washington-Arlington-Alexandria, DC-VA-MD-WV","11","District Of Columbia","001","District of Columbia","38.9218470009224","-77.013178"
"10/08/2016","AQS","110010043","2","2","ppb","3","MCMILLAN  NCore-PAMS","24","100.0000","42401","Sulfur dioxide","47900","Washington-Arlington-Alexandria, DC-VA-MD-WV","11","District Of Columbia","001","District of Columbia","38.9218470009224","-77.013178"
"10/09/2016","AQS","110010043","2","0.7","ppb","0","MCMILLAN  NCore-PAMS","24","100.0000","42401","Sulfur dioxide","47900","Washington-Arlington-Alexandria, DC-VA-MD-WV","11","District Of Columbia","001","District of Columbia","38.9218470009224","-77.013178"
"10/10/2016","AQS","110010043","2","0.8","ppb","0","MCMILLAN  NCore-PAMS","24","100.0000","42401","Sulfur dioxide","47900","Washington-Arlington-Alexandria, DC-VA-MD-WV","11","District Of Columbia","001","District of Columbia","38.9218470009224","-77.013178"
"10/11/2016","AQS","110010043","2","4.8","ppb","6","MCMILLAN  NCore-PAMS","24","100.0000","42401","Sulfur dioxide","47900","Washington-Arlington-Alexandria, DC-VA-MD-WV","11","District Of Columbia","001","District of Columbia","38.9218470009224","-77.013178"
"10/12/2016","AQS","110010043","2","2","ppb","3","MCMILLAN  NCore-PAMS","24","100.0000","42401","Sulfur dioxide","47900","Washington-Arlington-Alexandria, DC-VA-MD-WV","11","District Of Columbia","001","District of Columbia","38.9218470009224","-77.013178"
"10/13/2016","AQS","110010043","2","1.4","ppb","1","MCMILLAN  NCore-PAMS","23","96.0000","42401","Sulfur dioxide","47900","Washington-Arlington-Alexandria, DC-VA-MD-WV","11","District Of Columbia","001","District of Columbia","38.9218470009224","-77.013178"
"10/14/2016","AQS","110010043","2","5.8","ppb","7","MCMILLAN  NCore-PAMS","23","96.0000","42401","Sulfur dioxide","47900","Washington-Arlington-Alexandria, DC-VA-MD-WV","11","District Of Columbia","001","District of Columbia","38.9218470009224","-77.013178"
"10/15/2016","AQS","110010043","2","2.3","ppb","3","MCMILLAN  NCore-PAMS","24","100.0000","42401","Sulfur dioxide","47900","Washington-Arlington-Alexandria, DC-VA-MD-WV","11","District Of Columbia","001","District of Columbia","38.9218470009224","-77.013178"
"10/16/2016","AQS","110010043","2","2","ppb","3","MCMILLAN  NCore-PAMS","24","100.0000","42401","Sulfur dioxide","47900","Washington-Arlington-Alexandria, DC-VA-MD-WV","11","District Of Columbia","001","District of Columbia","38.9218470009224","-77.013178"
"10/17/2016","AQS","110010043","2","2.2","ppb","3","MCMILLAN  NCore-PAMS","23","96.0000","42401","Sulfur dioxide","47900","Washington-Arlington-Alexandria, DC-VA-MD-WV","11","District Of Columbia","001","District of Columbia","38.9218470009224","-77.013178"
"10/18/2016","AQS","110010043","2","1","ppb","1","MCMILLAN  NCore-PAMS","24","100.0000","42401","Sulfur dioxide","47900","Washington-Arlington-Alexandria, DC-VA-MD-WV","11","District Of Columbia","001","District of Columbia","38.9218470009224","-77.013178"
"10/19/2016","AQS","110010043","2","1.2","ppb","1","MCMILLAN  NCore-PAMS","24","100.0000","42401","Sulfur dioxide","47900","Washington-Arlington-Alexandria, DC-VA-MD-WV","11","District Of Columbia","001","District of Columbia","38.9218470009224","-77.013178"
"10/20/2016","AQS","110010043","2","0.6","ppb","0","MCMILLAN  NCore-PAMS","23","96.0000","42401","Sulfur dioxide","47900","Washington-Arlington-Alexandria, DC-VA-MD-WV","11","District Of Columbia","001","District of Columbia","38.9218470009224","-77.013178"
"10/21/2016","AQS","110010043","2","0.8","ppb","0","MCMILLAN  NCore-PAMS","24","100.0000","42401","Sulfur dioxide","47900","Washington-Arlington-Alexandria, DC-VA-MD-WV","11","District Of Columbia","001","District of Columbia","38.9218470009224","-77.013178"
"10/22/2016","AQS","110010043","2","0.7","ppb","0","MCMILLAN  NCore-PAMS","24","100.0000","42401","Sulfur dioxide","47900","Washington-Arlington-Alexandria, DC-VA-MD-WV","11","District Of Columbia","001","District of Columbia","38.9218470009224","-77.013178"
"10/23/2016","AQS","110010043","2","1.9","ppb","1","MCMILLAN  NCore-PAMS","20","83.0000","42401","Sulfur dioxide","47900","Washington-Arlington-Alexandria, DC-VA-MD-WV","11","District Of Columbia","001","District of Columbia","38.9218470009224","-77.013178"
"10/24/2016","AQS","110010043","2","1","ppb","1","MCMILLAN  NCore-PAMS","23","96.0000","42401","Sulfur dioxide","47900","Washington-Arlington-Alexandria, DC-VA-MD-WV","11","District Of Columbia","001","District of Columbia","38.9218470009224","-77.013178"
"10/25/2016","AQS","110010043","2","2","ppb","3","MCMILLAN  NCore-PAMS","22","92.0000","42401","Sulfur dioxide","47900","Washington-Arlington-Alexandria, DC-VA-MD-WV","11","District Of Columbia","001","District of Columbia","38.9218470009224","-77.013178"
"10/26/2016","AQS","110010043","2","1.3","ppb","1","MCMILLAN  NCore-PAMS","24","100.0000","42401","Sulfur dioxide","47900","Washington-Arlington-Alexandria, DC-VA-MD-WV","11","District Of Columbia","001","District of Columbia","38.9218470009224","-77.013178"
"10/27/2016","AQS","110010043","2","0.6","ppb","0","MCMILLAN  NCore-PAMS","24","100.0000","42401","Sulfur dioxide","47900","Washington-Arlington-Alexandria, DC-VA-MD-WV","11","District Of Columbia","001","District of Columbia","38.9218470009224","-77.013178"
"10/28/2016","AQS","110010043","2","0.8","ppb","0","MCMILLAN  NCore-PAMS","24","100.0000","42401","Sulfur dioxide","47900","Washington-Arlington-Alexandria, DC-VA-MD-WV","11","District Of Columbia","001","District of Columbia","38.9218470009224","-77.013178"
"10/29/2016","AQS","110010043","2","1.6","ppb","1","MCMILLAN  NCore-PAMS","24","100.0000","42401","Sulfur dioxide","47900","Washington-Arlington-Alexandria, DC-VA-MD-WV","11","District Of Columbia","001","District of Columbia","38.9218470009224","-77.013178"
"10/30/2016","AQS","110010043","2","1.6","ppb","1","MCMILLAN  NCore-PAMS","24","100.0000","42401","Sulfur dioxide","47900","Washington-Arlington-Alexandria, DC-VA-MD-WV","11","District Of Columbia","001","District of Columbia","38.9218470009224","-77.013178"
"10/31/2016","AQS","110010043","2","0.8","ppb","0","MCMILLAN  NCore-PAMS","24","100.0000","42401","Sulfur dioxide","47900","Washington-Arlington-Alexandria, DC-VA-MD-WV","11","District Of Columbia","001","District of Columbia","38.9218470009224","-77.013178"
"11/01/2016","AQS","110010043","2","2.8","ppb","3","MCMILLAN  NCore-PAMS","24","100.0000","42401","Sulfur dioxide","47900","Washington-Arlington-Alexandria, DC-VA-MD-WV","11","District Of Columbia","001","District of Columbia","38.9218470009224","-77.013178"
"11/02/2016","AQS","110010043","2","1.4","ppb","1","MCMILLAN  NCore-PAMS","23","96.0000","42401","Sulfur dioxide","47900","Washington-Arlington-Alexandria, DC-VA-MD-WV","11","District Of Columbia","001","District of Columbia","38.9218470009224","-77.013178"
"11/03/2016","AQS","110010043","2","3.5","ppb","4","MCMILLAN  NCore-PAMS","24","100.0000","42401","Sulfur dioxide","47900","Washington-Arlington-Alexandria, DC-VA-MD-WV","11","District Of Columbia","001","District of Columbia","38.9218470009224","-77.013178"
"11/04/2016","AQS","110010043","2","1.5","ppb","1","MCMILLAN  NCore-PAMS","24","100.0000","42401","Sulfur dioxide","47900","Washington-Arlington-Alexandria, DC-VA-MD-WV","11","District Of Columbia","001","District of Columbia","38.9218470009224","-77.013178"
"11/05/2016","AQS","110010043","2","1.5","ppb","1","MCMILLAN  NCore-PAMS","24","100.0000","42401","Sulfur dioxide","47900","Washington-Arlington-Alexandria, DC-VA-MD-WV","11","District Of Columbia","001","District of Columbia","38.9218470009224","-77.013178"
"11/06/2016","AQS","110010043","2","1.6","ppb","1","MCMILLAN  NCore-PAMS","24","100.0000","42401","Sulfur dioxide","47900","Washington-Arlington-Alexandria, DC-VA-MD-WV","11","District Of Columbia","001","District of Columbia","38.9218470009224","-77.013178"
"11/07/2016","AQS","110010043","2","2.7","ppb","3","MCMILLAN  NCore-PAMS","23","96.0000","42401","Sulfur dioxide","47900","Washington-Arlington-Alexandria, DC-VA-MD-WV","11","District Of Columbia","001","District of Columbia","38.9218470009224","-77.013178"
"11/08/2016","AQS","110010043","2","2.3","ppb","3","MCMILLAN  NCore-PAMS","24","100.0000","42401","Sulfur dioxide","47900","Washington-Arlington-Alexandria, DC-VA-MD-WV","11","District Of Columbia","001","District of Columbia","38.9218470009224","-77.013178"
"11/09/2016","AQS","110010043","2","1.9","ppb","1","MCMILLAN  NCore-PAMS","24","100.0000","42401","Sulfur dioxide","47900","Washington-Arlington-Alexandria, DC-VA-MD-WV","11","District Of Columbia","001","District of Columbia","38.9218470009224","-77.013178"
"11/10/2016","AQS","110010043","2","1.5","ppb","1","MCMILLAN  NCore-PAMS","24","100.0000","42401","Sulfur dioxide","47900","Washington-Arlington-Alexandria, DC-VA-MD-WV","11","District Of Columbia","001","District of Columbia","38.9218470009224","-77.013178"
"11/11/2016","AQS","110010043","2","1.7","ppb","1","MCMILLAN  NCore-PAMS","24","100.0000","42401","Sulfur dioxide","47900","Washington-Arlington-Alexandria, DC-VA-MD-WV","11","District Of Columbia","001","District of Columbia","38.9218470009224","-77.013178"
"11/12/2016","AQS","110010043","2","1.3","ppb","1","MCMILLAN  NCore-PAMS","24","100.0000","42401","Sulfur dioxide","47900","Washington-Arlington-Alexandria, DC-VA-MD-WV","11","District Of Columbia","001","District of Columbia","38.9218470009224","-77.013178"
"11/13/2016","AQS","110010043","2","3.3","ppb","4","MCMILLAN  NCore-PAMS","24","100.0000","42401","Sulfur dioxide","47900","Washington-Arlington-Alexandria, DC-VA-MD-WV","11","District Of Columbia","001","District of Columbia","38.9218470009224","-77.013178"
"11/14/2016","AQS","110010043","2","5.8","ppb","7","MCMILLAN  NCore-PAMS","23","96.0000","42401","Sulfur dioxide","47900","Washington-Arlington-Alexandria, DC-VA-MD-WV","11","District Of Columbia","001","District of Columbia","38.9218470009224","-77.013178"
"11/16/2016","AQS","110010043","2","2.6","ppb","3","MCMILLAN  NCore-PAMS","18","75.0000","42401","Sulfur dioxide","47900","Washington-Arlington-Alexandria, DC-VA-MD-WV","11","District Of Columbia","001","District of Columbia","38.9218470009224","-77.013178"
"11/17/2016","AQS","110010043","2","2","ppb","3","MCMILLAN  NCore-PAMS","24","100.0000","42401","Sulfur dioxide","47900","Washington-Arlington-Alexandria, DC-VA-MD-WV","11","District Of Columbia","001","District of Columbia","38.9218470009224","-77.013178"
"11/18/2016","AQS","110010043","2","6.7","ppb","9","MCMILLAN  NCore-PAMS","24","100.0000","42401","Sulfur dioxide","47900","Washington-Arlington-Alexandria, DC-VA-MD-WV","11","District Of Columbia","001","District of Columbia","38.9218470009224","-77.013178"
"11/19/2016","AQS","110010043","2","4","ppb","6","MCMILLAN  NCore-PAMS","24","100.0000","42401","Sulfur dioxide","47900","Washington-Arlington-Alexandria, DC-VA-MD-WV","11","District Of Columbia","001","District of Columbia","38.9218470009224","-77.013178"
"11/20/2016","AQS","110010043","2","1.1","ppb","1","MCMILLAN  NCore-PAMS","24","100.0000","42401","Sulfur dioxide","47900","Washington-Arlington-Alexandria, DC-VA-MD-WV","11","District Of Columbia","001","District of Columbia","38.9218470009224","-77.013178"
"11/21/2016","AQS","110010043","2","2.2","ppb","3","MCMILLAN  NCore-PAMS","23","96.0000","42401","Sulfur dioxide","47900","Washington-Arlington-Alexandria, DC-VA-MD-WV","11","District Of Columbia","001","District of Columbia","38.9218470009224","-77.013178"
"11/22/2016","AQS","110010043","2","1.4","ppb","1","MCMILLAN  NCore-PAMS","24","100.0000","42401","Sulfur dioxide","47900","Washington-Arlington-Alexandria, DC-VA-MD-WV","11","District Of Columbia","001","District of Columbia","38.9218470009224","-77.013178"
"11/23/2016","AQS","110010043","2","6","ppb","9","MCMILLAN  NCore-PAMS","24","100.0000","42401","Sulfur dioxide","47900","Washington-Arlington-Alexandria, DC-VA-MD-WV","11","District Of Columbia","001","District of Columbia","38.9218470009224","-77.013178"
"11/24/2016","AQS","110010043","2","1.7","ppb","1","MCMILLAN  NCore-PAMS","24","100.0000","42401","Sulfur dioxide","47900","Washington-Arlington-Alexandria, DC-VA-MD-WV","11","District Of Columbia","001","District of Columbia","38.9218470009224","-77.013178"
"11/25/2016","AQS","110010043","2","2","ppb","3","MCMILLAN  NCore-PAMS","24","100.0000","42401","Sulfur dioxide","47900","Washington-Arlington-Alexandria, DC-VA-MD-WV","11","District Of Columbia","001","District of Columbia","38.9218470009224","-77.013178"
"11/26/2016","AQS","110010043","2","1.8","ppb","1","MCMILLAN  NCore-PAMS","24","100.0000","42401","Sulfur dioxide","47900","Washington-Arlington-Alexandria, DC-VA-MD-WV","11","District Of Columbia","001","District of Columbia","38.9218470009224","-77.013178"
"11/27/2016","AQS","110010043","2","2.2","ppb","3","MCMILLAN  NCore-PAMS","24","100.0000","42401","Sulfur dioxide","47900","Washington-Arlington-Alexandria, DC-VA-MD-WV","11","District Of Columbia","001","District of Columbia","38.9218470009224","-77.013178"
"11/28/2016","AQS","110010043","2","3.8","ppb","4","MCMILLAN  NCore-PAMS","23","96.0000","42401","Sulfur dioxide","47900","Washington-Arlington-Alexandria, DC-VA-MD-WV","11","District Of Columbia","001","District of Columbia","38.9218470009224","-77.013178"
"11/29/2016","AQS","110010043","2","3.1","ppb","4","MCMILLAN  NCore-PAMS","24","100.0000","42401","Sulfur dioxide","47900","Washington-Arlington-Alexandria, DC-VA-MD-WV","11","District Of Columbia","001","District of Columbia","38.9218470009224","-77.013178"
"11/30/2016","AQS","110010043","2","2.7","ppb","3","MCMILLAN  NCore-PAMS","24","100.0000","42401","Sulfur dioxide","47900","Washington-Arlington-Alexandria, DC-VA-MD-WV","11","District Of Columbia","001","District of Columbia","38.9218470009224","-77.013178"
"12/01/2016","AQS","110010043","2","1.3","ppb","1","MCMILLAN  NCore-PAMS","24","100.0000","42401","Sulfur dioxide","47900","Washington-Arlington-Alexandria, DC-VA-MD-WV","11","District Of Columbia","001","District of Columbia","38.9218470009224","-77.013178"
"12/02/2016","AQS","110010043","2","1.5","ppb","1","MCMILLAN  NCore-PAMS","24","100.0000","42401","Sulfur dioxide","47900","Washington-Arlington-Alexandria, DC-VA-MD-WV","11","District Of Columbia","001","District of Columbia","38.9218470009224","-77.013178"
"12/03/2016","AQS","110010043","2","0.8","ppb","0","MCMILLAN  NCore-PAMS","24","100.0000","42401","Sulfur dioxide","47900","Washington-Arlington-Alexandria, DC-VA-MD-WV","11","District Of Columbia","001","District of Columbia","38.9218470009224","-77.013178"
"12/04/2016","AQS","110010043","2","1.3","ppb","1","MCMILLAN  NCore-PAMS","24","100.0000","42401","Sulfur dioxide","47900","Washington-Arlington-Alexandria, DC-VA-MD-WV","11","District Of Columbia","001","District of Columbia","38.9218470009224","-77.013178"
"12/05/2016","AQS","110010043","2","1.1","ppb","1","MCMILLAN  NCore-PAMS","23","96.0000","42401","Sulfur dioxide","47900","Washington-Arlington-Alexandria, DC-VA-MD-WV","11","District Of Columbia","001","District of Columbia","38.9218470009224","-77.013178"
"12/06/2016","AQS","110010043","2","3.2","ppb","4","MCMILLAN  NCore-PAMS","24","100.0000","42401","Sulfur dioxide","47900","Washington-Arlington-Alexandria, DC-VA-MD-WV","11","District Of Columbia","001","District of Columbia","38.9218470009224","-77.013178"
"12/07/2016","AQS","110010043","2","4.4","ppb","6","MCMILLAN  NCore-PAMS","24","100.0000","42401","Sulfur dioxide","47900","Washington-Arlington-Alexandria, DC-VA-MD-WV","11","District Of Columbia","001","District of Columbia","38.9218470009224","-77.013178"
"12/08/2016","AQS","110010043","2","3.3","ppb","4","MCMILLAN  NCore-PAMS","24","100.0000","42401","Sulfur dioxide","47900","Washington-Arlington-Alexandria, DC-VA-MD-WV","11","District Of Columbia","001","District of Columbia","38.9218470009224","-77.013178"
"12/09/2016","AQS","110010043","2","0.9","ppb","0","MCMILLAN  NCore-PAMS","24","100.0000","42401","Sulfur dioxide","47900","Washington-Arlington-Alexandria, DC-VA-MD-WV","11","District Of Columbia","001","District of Columbia","38.9218470009224","-77.013178"
"12/10/2016","AQS","110010043","2","1","ppb","1","MCMILLAN  NCore-PAMS","24","100.0000","42401","Sulfur dioxide","47900","Washington-Arlington-Alexandria, DC-VA-MD-WV","11","District Of Columbia","001","District of Columbia","38.9218470009224","-77.013178"
"12/11/2016","AQS","110010043","2","2.9","ppb","3","MCMILLAN  NCore-PAMS","24","100.0000","42401","Sulfur dioxide","47900","Washington-Arlington-Alexandria, DC-VA-MD-WV","11","District Of Columbia","001","District of Columbia","38.9218470009224","-77.013178"
"12/12/2016","AQS","110010043","2","1.8","ppb","1","MCMILLAN  NCore-PAMS","23","96.0000","42401","Sulfur dioxide","47900","Washington-Arlington-Alexandria, DC-VA-MD-WV","11","District Of Columbia","001","District of Columbia","38.9218470009224","-77.013178"
"12/13/2016","AQS","110010043","2","1.8","ppb","1","MCMILLAN  NCore-PAMS","20","83.0000","42401","Sulfur dioxide","47900","Washington-Arlington-Alexandria, DC-VA-MD-WV","11","District Of Columbia","001","District of Columbia","38.9218470009224","-77.013178"
"12/14/2016","AQS","110010043","2","2.2","ppb","3","MCMILLAN  NCore-PAMS","20","83.0000","42401","Sulfur dioxide","47900","Washington-Arlington-Alexandria, DC-VA-MD-WV","11","District Of Columbia","001","District of Columbia","38.9218470009224","-77.013178"
"12/15/2016","AQS","110010043","2","1.5","ppb","1","MCMILLAN  NCore-PAMS","24","100.0000","42401","Sulfur dioxide","47900","Washington-Arlington-Alexandria, DC-VA-MD-WV","11","District Of Columbia","001","District of Columbia","38.9218470009224","-77.013178"
"12/16/2016","AQS","110010043","2","3.1","ppb","4","MCMILLAN  NCore-PAMS","24","100.0000","42401","Sulfur dioxide","47900","Washington-Arlington-Alexandria, DC-VA-MD-WV","11","District Of Columbia","001","District of Columbia","38.9218470009224","-77.013178"
"12/17/2016","AQS","110010043","2","1.6","ppb","1","MCMILLAN  NCore-PAMS","24","100.0000","42401","Sulfur dioxide","47900","Washington-Arlington-Alexandria, DC-VA-MD-WV","11","District Of Columbia","001","District of Columbia","38.9218470009224","-77.013178"
"12/18/2016","AQS","110010043","2","1.5","ppb","1","MCMILLAN  NCore-PAMS","24","100.0000","42401","Sulfur dioxide","47900","Washington-Arlington-Alexandria, DC-VA-MD-WV","11","District Of Columbia","001","District of Columbia","38.9218470009224","-77.013178"
"12/19/2016","AQS","110010043","2","2.4","ppb","3","MCMILLAN  NCore-PAMS","22","92.0000","42401","Sulfur dioxide","47900","Washington-Arlington-Alexandria, DC-VA-MD-WV","11","District Of Columbia","001","District of Columbia","38.9218470009224","-77.013178"
"12/20/2016","AQS","110010043","2","4.7","ppb","6","MCMILLAN  NCore-PAMS","23","96.0000","42401","Sulfur dioxide","47900","Washington-Arlington-Alexandria, DC-VA-MD-WV","11","District Of Columbia","001","District of Columbia","38.9218470009224","-77.013178"
"12/21/2016","AQS","110010043","2","3.9","ppb","4","MCMILLAN  NCore-PAMS","24","100.0000","42401","Sulfur dioxide","47900","Washington-Arlington-Alexandria, DC-VA-MD-WV","11","District Of Columbia","001","District of Columbia","38.9218470009224","-77.013178"
"12/22/2016","AQS","110010043","2","2.2","ppb","3","MCMILLAN  NCore-PAMS","24","100.0000","42401","Sulfur dioxide","47900","Washington-Arlington-Alexandria, DC-VA-MD-WV","11","District Of Columbia","001","District of Columbia","38.9218470009224","-77.013178"
"12/23/2016","AQS","110010043","2","1.8","ppb","1","MCMILLAN  NCore-PAMS","24","100.0000","42401","Sulfur dioxide","47900","Washington-Arlington-Alexandria, DC-VA-MD-WV","11","District Of Columbia","001","District of Columbia","38.9218470009224","-77.013178"
"12/24/2016","AQS","110010043","2","1.5","ppb","1","MCMILLAN  NCore-PAMS","24","100.0000","42401","Sulfur dioxide","47900","Washington-Arlington-Alexandria, DC-VA-MD-WV","11","District Of Columbia","001","District of Columbia","38.9218470009224","-77.013178"
"12/25/2016","AQS","110010043","2","1.5","ppb","1","MCMILLAN  NCore-PAMS","24","100.0000","42401","Sulfur dioxide","47900","Washington-Arlington-Alexandria, DC-VA-MD-WV","11","District Of Columbia","001","District of Columbia","38.9218470009224","-77.013178"
"12/26/2016","AQS","110010043","2","0.9","ppb","0","MCMILLAN  NCore-PAMS","24","100.0000","42401","Sulfur dioxide","47900","Washington-Arlington-Alexandria, DC-VA-MD-WV","11","District Of Columbia","001","District of Columbia","38.9218470009224","-77.013178"
"12/27/2016","AQS","110010043","2","1.1","ppb","1","MCMILLAN  NCore-PAMS","22","92.0000","42401","Sulfur dioxide","47900","Washington-Arlington-Alexandria, DC-VA-MD-WV","11","District Of Columbia","001","District of Columbia","38.9218470009224","-77.013178"
"12/28/2016","AQS","110010043","2","2.2","ppb","3","MCMILLAN  NCore-PAMS","24","100.0000","42401","Sulfur dioxide","47900","Washington-Arlington-Alexandria, DC-VA-MD-WV","11","District Of Columbia","001","District of Columbia","38.9218470009224","-77.013178"
"12/29/2016","AQS","110010043","2","1.8","ppb","1","MCMILLAN  NCore-PAMS","24","100.0000","42401","Sulfur dioxide","47900","Washington-Arlington-Alexandria, DC-VA-MD-WV","11","District Of Columbia","001","District of Columbia","38.9218470009224","-77.013178"
"12/30/2016","AQS","110010043","2","1.3","ppb","1","MCMILLAN  NCore-PAMS","24","100.0000","42401","Sulfur dioxide","47900","Washington-Arlington-Alexandria, DC-VA-MD-WV","11","District Of Columbia","001","District of Columbia","38.9218470009224","-77.013178"
"12/31/2016","AQS","110010043","2","1.4","ppb","1","MCMILLAN  NCore-PAMS","24","100.0000","42401","Sulfur dioxide","47900","Washington-Arlington-Alexandria, DC-VA-MD-WV","11","District Of Columbia","001","District of Columbia","38.9218470009224","-77.013178"
